-5.0e-1 0.0e0 -5.8269368e-1 -5.8269368e-1
-3.2666794e-1 0.0e0 2.2094897e0 2.2094897e0
-1.5333588e-1 0.0e0 3.9612459e0 3.9612459e0
1.999619e-2 0.0e0 4.1504044e0 4.1504044e0
1.9332825e-1 0.0e0 2.915166e0 2.915166e0
3.6666031e-1 0.0e0 9.11483e-1 9.11483e-1
5.399924e-1 0.0e0 -1.03296448e0 -1.03296448e0
7.133244e-1 0.0e0 -2.2728645e0 -2.2728645e0
8.866565e-1 0.0e0 -2.567575e0 -2.567575e0
1.0599886e0 0.0e0 -2.102477e0 -2.102477e0
1.2333206e0 0.0e0 -1.32352594e0 -1.32352594e0
1.4066527e0 0.0e0 -6.9557477e-1 -6.9557477e-1
1.5799847e0 0.0e0 -4.9822778e-1 -4.9822778e-1
1.7533168e0 0.0e0 -7.3699448e-1 -7.3699448e-1
1.9266489e0 0.0e0 -1.19483336e0 -1.19483336e0
2.099981e0 0.0e0 -1.56927014e0 -1.56927014e0
2.273313e0 0.0e0 -1.63051514e0 -1.63051514e0
2.446645e0 0.0e0 -1.31869257e0 -1.31869257e0
2.6199771e0 0.0e0 -7.532086e-1 -7.532086e-1
2.7933092e0 0.0e0 -1.5955832e-1 -1.5955832e-1
2.9666412e0 0.0e0 2.4020038e-1 2.4020038e-1
3.1399733e0 0.0e0 3.211923e-1 3.211923e-1
3.3133054e0 0.0e0 9.578679e-2 9.578679e-2
3.4866374e0 0.0e0 -3.1020215e-1 -3.1020215e-1
3.6599695e0 0.0e0 -7.247212e-1 -7.247212e-1
3.8333015e0 0.0e0 -1.0052648e0 -1.0052648e0
4.0066336e0 0.0e0 -1.09065466e0 -1.09065466e0
4.1799657e0 0.0e0 -1.00934612e0 -1.00934612e0
4.3532977e0 0.0e0 -8.4989548e-1 -8.4989548e-1
4.5266298e0 0.0e0 -7.1112943e-1 -7.1112943e-1
4.6999619e0 0.0e0 -6.5768646e-1 -6.5768646e-1

-5.0e-1 6.6666e-2 -5.7380498e-1 -5.7380498e-1
-3.2666794e-1 6.6666e-2 2.2183784e0 2.2183784e0
-1.5333588e-1 6.6666e-2 3.9701346e0 3.9701346e0
1.999619e-2 6.6666e-2 4.159293e0 4.159293e0
1.9332825e-1 6.6666e-2 2.9240547e0 2.9240547e0
3.6666031e-1 6.6666e-2 9.203717e-1 9.203717e-1
5.399924e-1 6.6666e-2 -1.0240758e0 -1.0240758e0
7.133244e-1 6.6666e-2 -2.2639758e0 -2.2639758e0
8.866565e-1 6.6666e-2 -2.5586864e0 -2.5586864e0
1.0599886e0 6.6666e-2 -2.0935883e0 -2.0935883e0
1.2333206e0 6.6666e-2 -1.3146373e0 -1.3146373e0
1.4066527e0 6.6666e-2 -6.8668607e-1 -6.8668607e-1
1.5799847e0 6.6666e-2 -4.8933908e-1 -4.8933908e-1
1.7533168e0 6.6666e-2 -7.2810577e-1 -7.2810577e-1
1.9266489e0 6.6666e-2 -1.1859447e0 -1.1859447e0
2.099981e0 6.6666e-2 -1.5603815e0 -1.5603815e0
2.273313e0 6.6666e-2 -1.6216264e0 -1.6216264e0
2.446645e0 6.6666e-2 -1.309804e0 -1.309804e0
2.6199771e0 6.6666e-2 -7.443199e-1 -7.443199e-1
2.7933092e0 6.6666e-2 -1.5066962e-1 -1.5066962e-1
2.9666412e0 6.6666e-2 2.4908908e-1 2.4908908e-1
3.1399733e0 6.6666e-2 3.3008101e-1 3.3008101e-1
3.3133054e0 6.6666e-2 1.04675505e-1 1.04675505e-1
3.4866374e0 6.6666e-2 -3.0131345e-1 -3.0131345e-1
3.6599695e0 6.6666e-2 -7.158325e-1 -7.158325e-1
3.8333015e0 6.6666e-2 -9.96376e-1 -9.96376e-1
4.0066336e0 6.6666e-2 -1.0817659e0 -1.0817659e0
4.1799657e0 6.6666e-2 -1.0004575e0 -1.0004575e0
4.3532977e0 6.6666e-2 -8.4100677e-1 -8.4100677e-1
4.5266298e0 6.6666e-2 -7.0224072e-1 -7.0224072e-1
4.6999619e0 6.6666e-2 -6.4879776e-1 -6.4879776e-1

-5.0e-1 1.33332e-1 -5.4713881e-1 -5.4713881e-1
-3.2666794e-1 1.33332e-1 2.2450446e0 2.2450446e0
-1.5333588e-1 1.33332e-1 3.9968007e0 3.9968007e0
1.999619e-2 1.33332e-1 4.1859592e0 4.1859592e0
1.9332825e-1 1.33332e-1 2.9507208e0 2.9507208e0
3.6666031e-1 1.33332e-1 9.4703787e-1 9.4703787e-1
5.399924e-1 1.33332e-1 -9.974097e-1 -9.974097e-1
7.133244e-1 1.33332e-1 -2.2373097e0 -2.2373097e0
8.866565e-1 1.33332e-1 -2.5320203e0 -2.5320203e0
1.0599886e0 1.33332e-1 -2.0669221e0 -2.0669221e0
1.2333206e0 1.33332e-1 -1.2879712e0 -1.2879712e0
1.4066527e0 1.33332e-1 -6.600199e-1 -6.600199e-1
1.5799847e0 1.33332e-1 -4.6267291e-1 -4.6267291e-1
1.7533168e0 1.33332e-1 -7.014396e-1 -7.014396e-1
1.9266489e0 1.33332e-1 -1.1592786e0 -1.1592786e0
2.099981e0 1.33332e-1 -1.5337154e0 -1.5337154e0
2.273313e0 1.33332e-1 -1.5949603e0 -1.5949603e0
2.446645e0 1.33332e-1 -1.2831378e0 -1.2831378e0
2.6199771e0 1.33332e-1 -7.1765373e-1 -7.1765373e-1
2.7933092e0 1.33332e-1 -1.2400345e-1 -1.2400345e-1
2.9666412e0 1.33332e-1 2.7575525e-1 2.7575525e-1
3.1399733e0 1.33332e-1 3.5674718e-1 3.5674718e-1
3.3133054e0 1.33332e-1 1.31341667e-1 1.31341667e-1
3.4866374e0 1.33332e-1 -2.7464728e-1 -2.7464728e-1
3.6599695e0 1.33332e-1 -6.8916634e-1 -6.8916634e-1
3.8333015e0 1.33332e-1 -9.6971e-1 -9.6971e-1
4.0066336e0 1.33332e-1 -1.0550998e0 -1.0550998e0
4.1799657e0 1.33332e-1 -9.737914e-1 -9.737914e-1
4.3532977e0 1.33332e-1 -8.143406e-1 -8.143406e-1
4.5266298e0 1.33332e-1 -6.7557455e-1 -6.7557455e-1
4.6999619e0 1.33332e-1 -6.2213159e-1 -6.2213159e-1

-5.0e-1 1.99998001e-1 -5.0269527e-1 -5.0269527e-1
-3.2666794e-1 1.99998001e-1 2.289488e0 2.289488e0
-1.5333588e-1 1.99998001e-1 4.0412442e0 4.0412442e0
1.999619e-2 1.99998001e-1 4.2304027e0 4.2304027e0
1.9332825e-1 1.99998001e-1 2.9951643e0 2.9951643e0
3.6666031e-1 1.99998001e-1 9.9148141e-1 9.9148141e-1
5.399924e-1 1.99998001e-1 -9.529662e-1 -9.529662e-1
7.133244e-1 1.99998001e-1 -2.1928662e0 -2.1928662e0
8.866565e-1 1.99998001e-1 -2.4875768e0 -2.4875768e0
1.0599886e0 1.99998001e-1 -2.0224786e0 -2.0224786e0
1.2333206e0 1.99998001e-1 -1.2435277e0 -1.2435277e0
1.4066527e0 1.99998001e-1 -6.1557635e-1 -6.1557635e-1
1.5799847e0 1.99998001e-1 -4.1822937e-1 -4.1822937e-1
1.7533168e0 1.99998001e-1 -6.5699606e-1 -6.5699606e-1
1.9266489e0 1.99998001e-1 -1.114835e0 -1.114835e0
2.099981e0 1.99998001e-1 -1.4892719e0 -1.4892719e0
2.273313e0 1.99998001e-1 -1.5505168e0 -1.5505168e0
2.446645e0 1.99998001e-1 -1.2386943e0 -1.2386943e0
2.6199771e0 1.99998001e-1 -6.7321019e-1 -6.7321019e-1
2.7933092e0 1.99998001e-1 -7.95599e-2 -7.95599e-2
2.9666412e0 1.99998001e-1 3.2019879e-1 3.2019879e-1
3.1399733e0 1.99998001e-1 4.0119072e-1 4.0119072e-1
3.3133054e0 1.99998001e-1 1.75785204e-1 1.75785204e-1
3.4866374e0 1.99998001e-1 -2.3020374e-1 -2.3020374e-1
3.6599695e0 1.99998001e-1 -6.447228e-1 -6.447228e-1
3.8333015e0 1.99998001e-1 -9.252664e-1 -9.252664e-1
4.0066336e0 1.99998001e-1 -1.0106563e0 -1.0106563e0
4.1799657e0 1.99998001e-1 -9.293478e-1 -9.293478e-1
4.3532977e0 1.99998001e-1 -7.6989706e-1 -7.6989706e-1
4.5266298e0 1.99998001e-1 -6.3113101e-1 -6.3113101e-1
4.6999619e0 1.99998001e-1 -5.7768805e-1 -5.7768805e-1

-5.0e-1 2.66664001e-1 -4.4047444e-1 -4.4047444e-1
-3.2666794e-1 2.66664001e-1 2.351709e0 2.351709e0
-1.5333588e-1 2.66664001e-1 4.1034651e0 4.1034651e0
1.999619e-2 2.66664001e-1 4.2926236e0 4.2926236e0
1.9332825e-1 2.66664001e-1 3.0573853e0 3.0573853e0
3.6666031e-1 2.66664001e-1 1.05370224e0 1.05370224e0
5.399924e-1 2.66664001e-1 -8.907452e-1 -8.907452e-1
7.133244e-1 2.66664001e-1 -2.1306453e0 -2.1306453e0
8.866565e-1 2.66664001e-1 -2.4253558e0 -2.4253558e0
1.0599886e0 2.66664001e-1 -1.9602577e0 -1.9602577e0
1.2333206e0 2.66664001e-1 -1.1813068e0 -1.1813068e0
1.4066527e0 2.66664001e-1 -5.5335553e-1 -5.5335553e-1
1.5799847e0 2.66664001e-1 -3.5600854e-1 -3.5600854e-1
1.7533168e0 2.66664001e-1 -5.9477524e-1 -5.9477524e-1
1.9266489e0 2.66664001e-1 -1.0526141e0 -1.0526141e0
2.099981e0 2.66664001e-1 -1.427051e0 -1.427051e0
2.273313e0 2.66664001e-1 -1.4882959e0 -1.4882959e0
2.446645e0 2.66664001e-1 -1.1764734e0 -1.1764734e0
2.6199771e0 2.66664001e-1 -6.1098936e-1 -6.1098936e-1
2.7933092e0 2.66664001e-1 -1.733908e-2 -1.733908e-2
2.9666412e0 2.66664001e-1 3.8241962e-1 3.8241962e-1
3.1399733e0 2.66664001e-1 4.6341154e-1 4.6341154e-1
3.3133054e0 2.66664001e-1 2.3800603e-1 2.3800603e-1
3.4866374e0 2.66664001e-1 -1.6798291e-1 -1.6798291e-1
3.6599695e0 2.66664001e-1 -5.8250197e-1 -5.8250197e-1
3.8333015e0 2.66664001e-1 -8.630455e-1 -8.630455e-1
4.0066336e0 2.66664001e-1 -9.484354e-1 -9.484354e-1
4.1799657e0 2.66664001e-1 -8.671269e-1 -8.671269e-1
4.3532977e0 2.66664001e-1 -7.0767624e-1 -7.0767624e-1
4.5266298e0 2.66664001e-1 -5.6891019e-1 -5.6891019e-1
4.6999619e0 2.66664001e-1 -5.1546722e-1 -5.1546722e-1

-5.0e-1 3.33330002e-1 -3.6047578e-1 -3.6047578e-1
-3.2666794e-1 3.33330002e-1 2.4317076e0 2.4317076e0
-1.5333588e-1 3.33330002e-1 4.1834637e0 4.1834637e0
1.999619e-2 3.33330002e-1 4.3726222e0 4.3726222e0
1.9332825e-1 3.33330002e-1 3.1373839e0 3.1373839e0
3.6666031e-1 3.33330002e-1 1.1337009e0 1.1337009e0
5.399924e-1 3.33330002e-1 -8.107466e-1 -8.107466e-1
7.133244e-1 3.33330002e-1 -2.0506467e0 -2.0506467e0
8.866565e-1 3.33330002e-1 -2.3453572e0 -2.3453572e0
1.0599886e0 3.33330002e-1 -1.8802591e0 -1.8802591e0
1.2333206e0 3.33330002e-1 -1.1013081e0 -1.1013081e0
1.4066527e0 3.33330002e-1 -4.7335687e-1 -4.7335687e-1
1.5799847e0 3.33330002e-1 -2.7600989e-1 -2.7600989e-1
1.7533168e0 3.33330002e-1 -5.1477658e-1 -5.1477658e-1
1.9266489e0 3.33330002e-1 -9.726155e-1 -9.726155e-1
2.099981e0 3.33330002e-1 -1.3470523e0 -1.3470523e0
2.273313e0 3.33330002e-1 -1.4082973e0 -1.4082973e0
2.446645e0 3.33330002e-1 -1.0964748e0 -1.0964748e0
2.6199771e0 3.33330002e-1 -5.309907e-1 -5.309907e-1
2.7933092e0 3.33330002e-1 6.265958e-2 6.265958e-2
2.9666412e0 3.33330002e-1 4.6241827e-1 4.6241827e-1
3.1399733e0 3.33330002e-1 5.434102e-1 5.434102e-1
3.3133054e0 3.33330002e-1 3.1800468e-1 3.1800468e-1
3.4866374e0 3.33330002e-1 -8.798425e-2 -8.798425e-2
3.6599695e0 3.33330002e-1 -5.0250331e-1 -5.0250331e-1
3.8333015e0 3.33330002e-1 -7.830469e-1 -7.830469e-1
4.0066336e0 3.33330002e-1 -8.684367e-1 -8.684367e-1
4.1799657e0 3.33330002e-1 -7.871283e-1 -7.871283e-1
4.3532977e0 3.33330002e-1 -6.2767758e-1 -6.2767758e-1
4.5266298e0 3.33330002e-1 -4.8891153e-1 -4.8891153e-1
4.6999619e0 3.33330002e-1 -4.3546857e-1 -4.3546857e-1

-5.0e-1 3.99996002e-1 -2.6270003e-1 -2.6270003e-1
-3.2666794e-1 3.99996002e-1 2.5294833e0 2.5294833e0
-1.5333588e-1 3.99996002e-1 4.2812395e0 4.2812395e0
1.999619e-2 3.99996002e-1 4.470398e0 4.470398e0
1.9332825e-1 3.99996002e-1 3.2351596e0 3.2351596e0
3.6666031e-1 3.99996002e-1 1.23147665e0 1.23147665e0
5.399924e-1 3.99996002e-1 -7.129709e-1 -7.129709e-1
7.133244e-1 3.99996002e-1 -1.952871e0 -1.952871e0
8.866565e-1 3.99996002e-1 -2.2475815e0 -2.2475815e0
1.0599886e0 3.99996002e-1 -1.7824834e0 -1.7824834e0
1.2333206e0 3.99996002e-1 -1.0035324e0 -1.0035324e0
1.4066527e0 3.99996002e-1 -3.7558112e-1 -3.7558112e-1
1.5799847e0 3.99996002e-1 -1.7823413e-1 -1.7823413e-1
1.7533168e0 3.99996002e-1 -4.1700082e-1 -4.1700082e-1
1.9266489e0 3.99996002e-1 -8.748398e-1 -8.748398e-1
2.099981e0 3.99996002e-1 -1.2492766e0 -1.2492766e0
2.273313e0 3.99996002e-1 -1.3105215e0 -1.3105215e0
2.446645e0 3.99996002e-1 -9.98699e-1 -9.98699e-1
2.6199771e0 3.99996002e-1 -4.3321495e-1 -4.3321495e-1
2.7933092e0 3.99996002e-1 1.6043533e-1 1.6043533e-1
2.9666412e0 3.99996002e-1 5.6019403e-1 5.6019403e-1
3.1399733e0 3.99996002e-1 6.4118596e-1 6.4118596e-1
3.3133054e0 3.99996002e-1 4.1578044e-1 4.1578044e-1
3.4866374e0 3.99996002e-1 9.7915e-3 9.7915e-3
3.6599695e0 3.99996002e-1 -4.0472755e-1 -4.0472755e-1
3.8333015e0 3.99996002e-1 -6.852711e-1 -6.852711e-1
4.0066336e0 3.99996002e-1 -7.70661e-1 -7.70661e-1
4.1799657e0 3.99996002e-1 -6.893526e-1 -6.893526e-1
4.3532977e0 3.99996002e-1 -5.2990182e-1 -5.2990182e-1
4.5266298e0 3.99996002e-1 -3.9113577e-1 -3.9113577e-1
4.6999619e0 3.99996002e-1 -3.3769281e-1 -3.3769281e-1

-5.0e-1 4.66662003e-1 -1.471468e-1 -1.471468e-1
-3.2666794e-1 4.66662003e-1 2.6450366e0 2.6450366e0
-1.5333588e-1 4.66662003e-1 4.3967928e0 4.3967928e0
1.999619e-2 4.66662003e-1 4.5859512e0 4.5859512e0
1.9332825e-1 4.66662003e-1 3.3507129e0 3.3507129e0
3.6666031e-1 4.66662003e-1 1.34702988e0 1.34702988e0
5.399924e-1 4.66662003e-1 -5.974176e-1 -5.974176e-1
7.133244e-1 4.66662003e-1 -1.8373177e0 -1.8373177e0
8.866565e-1 4.66662003e-1 -2.1320282e0 -2.1320282e0
1.0599886e0 4.66662003e-1 -1.6669301e0 -1.6669301e0
1.2333206e0 4.66662003e-1 -8.879791e-1 -8.879791e-1
1.4066527e0 4.66662003e-1 -2.600279e-1 -2.600279e-1
1.5799847e0 4.66662003e-1 -6.268091e-2 -6.268091e-2
1.7533168e0 4.66662003e-1 -3.014476e-1 -3.014476e-1
1.9266489e0 4.66662003e-1 -7.592865e-1 -7.592865e-1
2.099981e0 4.66662003e-1 -1.1337233e0 -1.1337233e0
2.273313e0 4.66662003e-1 -1.1949683e0 -1.1949683e0
2.446645e0 4.66662003e-1 -8.831458e-1 -8.831458e-1
2.6199771e0 4.66662003e-1 -3.1766173e-1 -3.1766173e-1
2.7933092e0 4.66662003e-1 2.7598856e-1 2.7598856e-1
2.9666412e0 4.66662003e-1 6.7574725e-1 6.7574725e-1
3.1399733e0 4.66662003e-1 7.5673918e-1 7.5673918e-1
3.3133054e0 4.66662003e-1 5.3133366e-1 5.3133366e-1
3.4866374e0 4.66662003e-1 1.2534473e-1 1.2534473e-1
3.6599695e0 4.66662003e-1 -2.8917433e-1 -2.8917433e-1
3.8333015e0 4.66662003e-1 -5.697179e-1 -5.697179e-1
4.0066336e0 4.66662003e-1 -6.551077e-1 -6.551077e-1
4.1799657e0 4.66662003e-1 -5.737993e-1 -5.737993e-1
4.3532977e0 4.66662003e-1 -4.143486e-1 -4.143486e-1
4.5266298e0 4.66662003e-1 -2.7558255e-1 -2.7558255e-1
4.6999619e0 4.66662003e-1 -2.2213959e-1 -2.2213959e-1

-5.0e-1 5.33328003e-1 -1.381612e-2 -1.381612e-2
-3.2666794e-1 5.33328003e-1 2.7783673e0 2.7783673e0
-1.5333588e-1 5.33328003e-1 4.5301234e0 4.5301234e0
1.999619e-2 5.33328003e-1 4.7192819e0 4.7192819e0
1.9332825e-1 5.33328003e-1 3.4840436e0 3.4840436e0
3.6666031e-1 5.33328003e-1 1.48036057e0 1.48036057e0
5.399924e-1 5.33328003e-1 -4.640869e-1 -4.640869e-1
7.133244e-1 5.33328003e-1 -1.703987e0 -1.703987e0
8.866565e-1 5.33328003e-1 -1.9986975e0 -1.9986975e0
1.0599886e0 5.33328003e-1 -1.5335994e0 -1.5335994e0
1.2333206e0 5.33328003e-1 -7.546484e-1 -7.546484e-1
1.4066527e0 5.33328003e-1 -1.266972e-1 -1.266972e-1
1.5799847e0 5.33328003e-1 7.064978e-2 7.064978e-2
1.7533168e0 5.33328003e-1 -1.6811691e-1 -1.6811691e-1
1.9266489e0 5.33328003e-1 -6.259558e-1 -6.259558e-1
2.099981e0 5.33328003e-1 -1.0003926e0 -1.0003926e0
2.273313e0 5.33328003e-1 -1.0616376e0 -1.0616376e0
2.446645e0 5.33328003e-1 -7.49815e-1 -7.49815e-1
2.6199771e0 5.33328003e-1 -1.8433104e-1 -1.8433104e-1
2.7933092e0 5.33328003e-1 4.0931924e-1 4.0931924e-1
2.9666412e0 5.33328003e-1 8.0907794e-1 8.0907794e-1
3.1399733e0 5.33328003e-1 8.9006987e-1 8.9006987e-1
3.3133054e0 5.33328003e-1 6.6466435e-1 6.6466435e-1
3.4866374e0 5.33328003e-1 2.5867542e-1 2.5867542e-1
3.6599695e0 5.33328003e-1 -1.5584364e-1 -1.5584364e-1
3.8333015e0 5.33328003e-1 -4.363872e-1 -4.363872e-1
4.0066336e0 5.33328003e-1 -5.21777e-1 -5.21777e-1
4.1799657e0 5.33328003e-1 -4.404686e-1 -4.404686e-1
4.3532977e0 5.33328003e-1 -2.8101791e-1 -2.8101791e-1
4.5266298e0 5.33328003e-1 -1.4225186e-1 -1.4225186e-1
4.6999619e0 5.33328003e-1 -8.88089e-2 -8.88089e-2

-5.0e-1 5.99994003e-1 1.3729228e-1 1.3729228e-1
-3.2666794e-1 5.99994003e-1 2.9294757e0 2.9294757e0
-1.5333588e-1 5.99994003e-1 4.6812318e0 4.6812318e0
1.999619e-2 5.99994003e-1 4.8703903e0 4.8703903e0
1.9332825e-1 5.99994003e-1 3.635152e0 3.635152e0
3.6666031e-1 5.99994003e-1 1.63146896e0 1.63146896e0
5.399924e-1 5.99994003e-1 -3.129785e-1 -3.129785e-1
7.133244e-1 5.99994003e-1 -1.5528786e0 -1.5528786e0
8.866565e-1 5.99994003e-1 -1.8475891e0 -1.8475891e0
1.0599886e0 5.99994003e-1 -1.382491e0 -1.382491e0
1.2333206e0 5.99994003e-1 -6.0354e-1 -6.0354e-1
1.4066527e0 5.99994003e-1 2.44112e-2 2.44112e-2
1.5799847e0 5.99994003e-1 2.2175818e-1 2.2175818e-1
1.7533168e0 5.99994003e-1 -1.700851e-2 -1.700851e-2
1.9266489e0 5.99994003e-1 -4.748474e-1 -4.748474e-1
2.099981e0 5.99994003e-1 -8.492842e-1 -8.492842e-1
2.273313e0 5.99994003e-1 -9.105292e-1 -9.105292e-1
2.446645e0 5.99994003e-1 -5.987067e-1 -5.987067e-1
2.6199771e0 5.99994003e-1 -3.322264e-2 -3.322264e-2
2.7933092e0 5.99994003e-1 5.6042764e-1 5.6042764e-1
2.9666412e0 5.99994003e-1 9.6018634e-1 9.6018634e-1
3.1399733e0 5.99994003e-1 1.04117827e0 1.04117827e0
3.3133054e0 5.99994003e-1 8.1577275e-1 8.1577275e-1
3.4866374e0 5.99994003e-1 4.0978381e-1 4.0978381e-1
3.6599695e0 5.99994003e-1 -4.73524e-3 -4.73524e-3
3.8333015e0 5.99994003e-1 -2.852788e-1 -2.852788e-1
4.0066336e0 5.99994003e-1 -3.706686e-1 -3.706686e-1
4.1799657e0 5.99994003e-1 -2.893602e-1 -2.893602e-1
4.3532977e0 5.99994003e-1 -1.2990952e-1 -1.2990952e-1
4.5266298e0 5.99994003e-1 8.85654e-3 8.85654e-3
4.6999619e0 5.99994003e-1 6.22995e-2 6.22995e-2

-5.0e-1 6.6666e-1 3.0617778e-1 3.0617778e-1
-3.2666794e-1 6.6666e-1 3.0983612e0 3.0983612e0
-1.5333588e-1 6.6666e-1 4.8501173e0 4.8501173e0
1.999619e-2 6.6666e-1 5.0392758e0 5.0392758e0
1.9332825e-1 6.6666e-1 3.8040375e0 3.8040375e0
3.6666031e-1 6.6666e-1 1.80035446e0 1.80035446e0
5.399924e-1 6.6666e-1 -1.44093e-1 -1.44093e-1
7.133244e-1 6.6666e-1 -1.383993e0 -1.383993e0
8.866565e-1 6.6666e-1 -1.6787036e0 -1.6787036e0
1.0599886e0 6.6666e-1 -1.2136055e0 -1.2136055e0
1.2333206e0 6.6666e-1 -4.346545e-1 -4.346545e-1
1.4066527e0 6.6666e-1 1.9329669e-1 1.9329669e-1
1.5799847e0 6.6666e-1 3.9064368e-1 3.9064368e-1
1.7533168e0 6.6666e-1 1.5187698e-1 1.5187698e-1
1.9266489e0 6.6666e-1 -3.059619e-1 -3.059619e-1
2.099981e0 6.6666e-1 -6.803987e-1 -6.803987e-1
2.273313e0 6.6666e-1 -7.416437e-1 -7.416437e-1
2.446645e0 6.6666e-1 -4.298212e-1 -4.298212e-1
2.6199771e0 6.6666e-1 1.3566286e-1 1.3566286e-1
2.7933092e0 6.6666e-1 7.2931314e-1 7.2931314e-1
2.9666412e0 6.6666e-1 1.12907184e0 1.12907184e0
3.1399733e0 6.6666e-1 1.21006377e0 1.21006377e0
3.3133054e0 6.6666e-1 9.8465825e-1 9.8465825e-1
3.4866374e0 6.6666e-1 5.7866931e-1 5.7866931e-1
3.6599695e0 6.6666e-1 1.6415025e-1 1.6415025e-1
3.8333015e0 6.6666e-1 -1.163933e-1 -1.163933e-1
4.0066336e0 6.6666e-1 -2.017831e-1 -2.017831e-1
4.1799657e0 6.6666e-1 -1.204747e-1 -1.204747e-1
4.3532977e0 6.6666e-1 3.897598e-2 3.897598e-2
4.5266298e0 6.6666e-1 1.7774203e-1 1.7774203e-1
4.6999619e0 6.6666e-1 2.31185e-1 2.31185e-1

-5.0e-1 7.33326e-1 4.928398e-1 4.928398e-1
-3.2666794e-1 7.33326e-1 3.2850232e0 3.2850232e0
-1.5333588e-1 7.33326e-1 5.0367793e0 5.0367793e0
1.999619e-2 7.33326e-1 5.2259378e0 5.2259378e0
1.9332825e-1 7.33326e-1 3.9906995e0 3.9906995e0
3.6666031e-1 7.33326e-1 1.9870164e0 1.9870164e0
5.399924e-1 7.33326e-1 4.2569e-2 4.2569e-2
7.133244e-1 7.33326e-1 -1.1973311e0 -1.1973311e0
8.866565e-1 7.33326e-1 -1.4920416e0 -1.4920416e0
1.0599886e0 7.33326e-1 -1.0269435e0 -1.0269435e0
1.2333206e0 7.33326e-1 -2.479926e-1 -2.479926e-1
1.4066527e0 7.33326e-1 3.799588e-1 3.799588e-1
1.5799847e0 7.33326e-1 5.773058e-1 5.773058e-1
1.7533168e0 7.33326e-1 3.38539e-1 3.38539e-1
1.9266489e0 7.33326e-1 -1.193e-1 -1.193e-1
2.099981e0 7.33326e-1 -4.937367e-1 -4.937367e-1
2.273313e0 7.33326e-1 -5.549817e-1 -5.549817e-1
2.446645e0 7.33326e-1 -2.431592e-1 -2.431592e-1
2.6199771e0 7.33326e-1 3.22325e-1 3.22325e-1
2.7933092e0 7.33326e-1 9.159752e-1 9.159752e-1
2.9666412e0 7.33326e-1 1.3157338e0 1.3157338e0
3.1399733e0 7.33326e-1 1.3967256e0 1.3967256e0
3.3133054e0 7.33326e-1 1.1713202e0 1.1713202e0
3.4866374e0 7.33326e-1 7.653314e-1 7.653314e-1
3.6599695e0 7.33326e-1 3.508124e-1 3.508124e-1
3.8333015e0 7.33326e-1 7.02687e-2 7.02687e-2
4.0066336e0 7.33326e-1 -1.51212e-2 -1.51212e-2
4.1799657e0 7.33326e-1 6.61873e-2 6.61873e-2
4.3532977e0 7.33326e-1 2.25638e-1 2.25638e-1
4.5266298e0 7.33326e-1 3.644041e-1 3.644041e-1
4.6999619e0 7.33326e-1 4.17847e-1 4.17847e-1

-5.0e-1 7.99992e-1 6.972807e-1 6.972807e-1
-3.2666794e-1 7.99992e-1 3.4894641e0 3.4894641e0
-1.5333588e-1 7.99992e-1 5.2412202e0 5.2412202e0
1.999619e-2 7.99992e-1 5.4303787e0 5.4303787e0
1.9332825e-1 7.99992e-1 4.1951404e0 4.1951404e0
3.6666031e-1 7.99992e-1 2.1914574e0 2.1914574e0
5.399924e-1 7.99992e-1 2.470099e-1 2.470099e-1
7.133244e-1 7.99992e-1 -9.928902e-1 -9.928902e-1
8.866565e-1 7.99992e-1 -1.2876007e0 -1.2876007e0
1.0599886e0 7.99992e-1 -8.225026e-1 -8.225026e-1
1.2333206e0 7.99992e-1 -4.35516e-2 -4.35516e-2
1.4066527e0 7.99992e-1 5.843997e-1 5.843997e-1
1.5799847e0 7.99992e-1 7.817467e-1 7.817467e-1
1.7533168e0 7.99992e-1 5.429799e-1 5.429799e-1
1.9266489e0 7.99992e-1 8.5141e-2 8.5141e-2
2.099981e0 7.99992e-1 -2.892958e-1 -2.892958e-1
2.273313e0 7.99992e-1 -3.505408e-1 -3.505408e-1
2.446645e0 7.99992e-1 -3.87183e-2 -3.87183e-2
2.6199771e0 7.99992e-1 5.267659e-1 5.267659e-1
2.7933092e0 7.99992e-1 1.1204161e0 1.1204161e0
2.9666412e0 7.99992e-1 1.5201747e0 1.5201747e0
3.1399733e0 7.99992e-1 1.6011665e0 1.6011665e0
3.3133054e0 7.99992e-1 1.3757611e0 1.3757611e0
3.4866374e0 7.99992e-1 9.697723e-1 9.697723e-1
3.6599695e0 7.99992e-1 5.552533e-1 5.552533e-1
3.8333015e0 7.99992e-1 2.747096e-1 2.747096e-1
4.0066336e0 7.99992e-1 1.893198e-1 1.893198e-1
4.1799657e0 7.99992e-1 2.706282e-1 2.706282e-1
4.3532977e0 7.99992e-1 4.300789e-1 4.300789e-1
4.5266298e0 7.99992e-1 5.68845e-1 5.68845e-1
4.6999619e0 7.99992e-1 6.222879e-1 6.222879e-1

-5.0e-1 8.66658e-1 9.194987e-1 9.194987e-1
-3.2666794e-1 8.66658e-1 3.7116821e0 3.7116821e0
-1.5333588e-1 8.66658e-1 5.4634383e0 5.4634383e0
1.999619e-2 8.66658e-1 5.6525967e0 5.6525967e0
1.9332825e-1 8.66658e-1 4.4173584e0 4.4173584e0
3.6666031e-1 8.66658e-1 2.4136754e0 2.4136754e0
5.399924e-1 8.66658e-1 4.692279e-1 4.692279e-1
7.133244e-1 8.66658e-1 -7.706721e-1 -7.706721e-1
8.866565e-1 8.66658e-1 -1.0653827e0 -1.0653827e0
1.0599886e0 8.66658e-1 -6.002846e-1 -6.002846e-1
1.2333206e0 8.66658e-1 1.786664e-1 1.786664e-1
1.4066527e0 8.66658e-1 8.066177e-1 8.066177e-1
1.5799847e0 8.66658e-1 1.0039647e0 1.0039647e0
1.7533168e0 8.66658e-1 7.651979e-1 7.651979e-1
1.9266489e0 8.66658e-1 3.07359e-1 3.07359e-1
2.099981e0 8.66658e-1 -6.70778e-2 -6.70778e-2
2.273313e0 8.66658e-1 -1.283228e-1 -1.283228e-1
2.446645e0 8.66658e-1 1.834998e-1 1.834998e-1
2.6199771e0 8.66658e-1 7.489839e-1 7.489839e-1
2.7933092e0 8.66658e-1 1.3426341e0 1.3426341e0
2.9666412e0 8.66658e-1 1.7423927e0 1.7423927e0
3.1399733e0 8.66658e-1 1.8233846e0 1.8233846e0
3.3133054e0 8.66658e-1 1.5979791e0 1.5979791e0
3.4866374e0 8.66658e-1 1.1919904e0 1.1919904e0
3.6599695e0 8.66658e-1 7.774713e-1 7.774713e-1
3.8333015e0 8.66658e-1 4.969276e-1 4.969276e-1
4.0066336e0 8.66658e-1 4.115378e-1 4.115378e-1
4.1799657e0 8.66658e-1 4.928462e-1 4.928462e-1
4.3532977e0 8.66658e-1 6.522969e-1 6.522969e-1
4.5266298e0 8.66658e-1 7.910631e-1 7.910631e-1
4.6999619e0 8.66658e-1 8.445059e-1 8.445059e-1

-5.0e-1 9.33324e-1 1.1594939e0 1.1594939e0
-3.2666794e-1 9.33324e-1 3.9516772e0 3.9516772e0
-1.5333588e-1 9.33324e-1 5.7034334e0 5.7034334e0
1.999619e-2 9.33324e-1 5.8925919e0 5.8925919e0
1.9332825e-1 9.33324e-1 4.6573535e0 4.6573535e0
3.6666031e-1 9.33324e-1 2.6536705e0 2.6536705e0
5.399924e-1 9.33324e-1 7.09223e-1 7.09223e-1
7.133244e-1 9.33324e-1 -5.30677e-1 -5.30677e-1
8.866565e-1 9.33324e-1 -8.253876e-1 -8.253876e-1
1.0599886e0 9.33324e-1 -3.602895e-1 -3.602895e-1
1.2333206e0 9.33324e-1 4.186615e-1 4.186615e-1
1.4066527e0 9.33324e-1 1.0466129e0 1.0466129e0
1.5799847e0 9.33324e-1 1.2439598e0 1.2439598e0
1.7533168e0 9.33324e-1 1.005193e0 1.005193e0
1.9266489e0 9.33324e-1 5.473541e-1 5.473541e-1
2.099981e0 9.33324e-1 1.729173e-1 1.729173e-1
2.273313e0 9.33324e-1 1.116724e-1 1.116724e-1
2.446645e0 9.33324e-1 4.234949e-1 4.234949e-1
2.6199771e0 9.33324e-1 9.88979e-1 9.88979e-1
2.7933092e0 9.33324e-1 1.5826292e0 1.5826292e0
2.9666412e0 9.33324e-1 1.9823878e0 1.9823878e0
3.1399733e0 9.33324e-1 2.0633797e0 2.0633797e0
3.3133054e0 9.33324e-1 1.8379742e0 1.8379742e0
3.4866374e0 9.33324e-1 1.4319855e0 1.4319855e0
3.6599695e0 9.33324e-1 1.0174664e0 1.0174664e0
3.8333015e0 9.33324e-1 7.369228e-1 7.369228e-1
4.0066336e0 9.33324e-1 6.515329e-1 6.515329e-1
4.1799657e0 9.33324e-1 7.328413e-1 7.328413e-1
4.3532977e0 9.33324e-1 8.92292e-1 8.92292e-1
4.5266298e0 9.33324e-1 1.0310582e0 1.0310582e0
4.6999619e0 9.33324e-1 1.084501e0 1.084501e0

-5.0e-1 9.9999e-1 1.4172661e0 1.4172661e0
-3.2666794e-1 9.9999e-1 4.2094495e0 4.2094495e0
-1.5333588e-1 9.9999e-1 5.9612056e0 5.9612056e0
1.999619e-2 9.9999e-1 6.150364e0 6.150364e0
1.9332825e-1 9.9999e-1 4.9151257e0 4.9151257e0
3.6666031e-1 9.9999e-1 2.9114427e0 2.9114427e0
5.399924e-1 9.9999e-1 9.669952e-1 9.669952e-1
7.133244e-1 9.9999e-1 -2.729048e-1 -2.729048e-1
8.866565e-1 9.9999e-1 -5.676154e-1 -5.676154e-1
1.0599886e0 9.9999e-1 -1.025172e-1 -1.025172e-1
1.2333206e0 9.9999e-1 6.764337e-1 6.764337e-1
1.4066527e0 9.9999e-1 1.304385e0 1.304385e0
1.5799847e0 9.9999e-1 1.501732e0 1.501732e0
1.7533168e0 9.9999e-1 1.2629652e0 1.2629652e0
1.9266489e0 9.9999e-1 8.051263e-1 8.051263e-1
2.099981e0 9.9999e-1 4.306895e-1 4.306895e-1
2.273313e0 9.9999e-1 3.694446e-1 3.694446e-1
2.446645e0 9.9999e-1 6.812671e-1 6.812671e-1
2.6199771e0 9.9999e-1 1.2467513e0 1.2467513e0
2.7933092e0 9.9999e-1 1.8404015e0 1.8404015e0
2.9666412e0 9.9999e-1 2.24016e0 2.24016e0
3.1399733e0 9.9999e-1 2.3211519e0 2.3211519e0
3.3133054e0 9.9999e-1 2.0957465e0 2.0957465e0
3.4866374e0 9.9999e-1 1.6897577e0 1.6897577e0
3.6599695e0 9.9999e-1 1.2752386e0 1.2752386e0
3.8333015e0 9.9999e-1 9.94695e-1 9.94695e-1
4.0066336e0 9.9999e-1 9.093051e-1 9.093051e-1
4.1799657e0 9.9999e-1 9.906136e-1 9.906136e-1
4.3532977e0 9.9999e-1 1.1500642e0 1.1500642e0
4.5266298e0 9.9999e-1 1.2888304e0 1.2888304e0
4.6999619e0 9.9999e-1 1.3422733e0 1.3422733e0

-5.0e-1 1.066656e0 1.6928185e0 1.6928185e0
-3.2666794e-1 1.066656e0 4.4850018e0 4.4850018e0
-1.5333588e-1 1.066656e0 6.236758e0 6.236758e0
1.999619e-2 1.066656e0 6.4259164e0 6.4259164e0
1.9332825e-1 1.066656e0 5.1906781e0 5.1906781e0
3.6666031e-1 1.066656e0 3.1869951e0 3.1869951e0
5.399924e-1 1.066656e0 1.2425476e0 1.2425476e0
7.133244e-1 1.066656e0 2.6476e-3 2.6476e-3
8.866565e-1 1.066656e0 -2.92063e-1 -2.92063e-1
1.0599886e0 1.066656e0 1.730351e-1 1.730351e-1
1.2333206e0 1.066656e0 9.519861e-1 9.519861e-1
1.4066527e0 1.066656e0 1.5799374e0 1.5799374e0
1.5799847e0 1.066656e0 1.7772844e0 1.7772844e0
1.7533168e0 1.066656e0 1.5385176e0 1.5385176e0
1.9266489e0 1.066656e0 1.0806787e0 1.0806787e0
2.099981e0 1.066656e0 7.062419e-1 7.062419e-1
2.273313e0 1.066656e0 6.44997e-1 6.44997e-1
2.446645e0 1.066656e0 9.568195e-1 9.568195e-1
2.6199771e0 1.066656e0 1.5223036e0 1.5223036e0
2.7933092e0 1.066656e0 2.1159538e0 2.1159538e0
2.9666412e0 1.066656e0 2.5157124e0 2.5157124e0
3.1399733e0 1.066656e0 2.5967043e0 2.5967043e0
3.3133054e0 1.066656e0 2.3712988e0 2.3712988e0
3.4866374e0 1.066656e0 1.96531e0 1.96531e0
3.6599695e0 1.066656e0 1.550791e0 1.550791e0
3.8333015e0 1.066656e0 1.2702473e0 1.2702473e0
4.0066336e0 1.066656e0 1.1848575e0 1.1848575e0
4.1799657e0 1.066656e0 1.266166e0 1.266166e0
4.3532977e0 1.066656e0 1.4256166e0 1.4256166e0
4.5266298e0 1.066656e0 1.5643828e0 1.5643828e0
4.6999619e0 1.066656e0 1.6178256e0 1.6178256e0

-5.0e-1 1.133322e0 1.9861443e0 1.9861443e0
-3.2666794e-1 1.133322e0 4.7783276e0 4.7783276e0
-1.5333588e-1 1.133322e0 6.5300838e0 6.5300838e0
1.999619e-2 1.133322e0 6.7192422e0 6.7192422e0
1.9332825e-1 1.133322e0 5.4840039e0 5.4840039e0
3.6666031e-1 1.133322e0 3.4803209e0 3.4803209e0
5.399924e-1 1.133322e0 1.5358734e0 1.5358734e0
7.133244e-1 1.133322e0 2.959734e-1 2.959734e-1
8.866565e-1 1.133322e0 1.2628e-3 1.2628e-3
1.0599886e0 1.133322e0 4.66361e-1 4.66361e-1
1.2333206e0 1.133322e0 1.2453119e0 1.2453119e0
1.4066527e0 1.133322e0 1.8732632e0 1.8732632e0
1.5799847e0 1.133322e0 2.0706102e0 2.0706102e0
1.7533168e0 1.133322e0 1.8318434e0 1.8318434e0
1.9266489e0 1.133322e0 1.3740045e0 1.3740045e0
2.099981e0 1.133322e0 9.995677e-1 9.995677e-1
2.273313e0 1.133322e0 9.383228e-1 9.383228e-1
2.446645e0 1.133322e0 1.2501453e0 1.2501453e0
2.6199771e0 1.133322e0 1.8156294e0 1.8156294e0
2.7933092e0 1.133322e0 2.4092796e0 2.4092796e0
2.9666412e0 1.133322e0 2.8090382e0 2.8090382e0
3.1399733e0 1.133322e0 2.89003e0 2.89003e0
3.3133054e0 1.133322e0 2.6646246e0 2.6646246e0
3.4866374e0 1.133322e0 2.2586359e0 2.2586359e0
3.6599695e0 1.133322e0 1.8441168e0 1.8441168e0
3.8333015e0 1.133322e0 1.5635732e0 1.5635732e0
4.0066336e0 1.133322e0 1.4781833e0 1.4781833e0
4.1799657e0 1.133322e0 1.5594917e0 1.5594917e0
4.3532977e0 1.133322e0 1.7189424e0 1.7189424e0
4.5266298e0 1.133322e0 1.8577086e0 1.8577086e0
4.6999619e0 1.133322e0 1.9111514e0 1.9111514e0

-5.0e-1 1.199988e0 2.2972478e0 2.2972478e0
-3.2666794e-1 1.199988e0 5.0894312e0 5.0894312e0
-1.5333588e-1 1.199988e0 6.8411873e0 6.8411873e0
1.999619e-2 1.199988e0 7.0303458e0 7.0303458e0
1.9332825e-1 1.199988e0 5.7951074e0 5.7951074e0
3.6666031e-1 1.199988e0 3.7914244e0 3.7914244e0
5.399924e-1 1.199988e0 1.846977e0 1.846977e0
7.133244e-1 1.199988e0 6.070769e-1 6.070769e-1
8.866565e-1 1.199988e0 3.123663e-1 3.123663e-1
1.0599886e0 1.199988e0 7.774644e-1 7.774644e-1
1.2333206e0 1.199988e0 1.5564154e0 1.5564154e0
1.4066527e0 1.199988e0 2.1843668e0 2.1843668e0
1.5799847e0 1.199988e0 2.3817137e0 2.3817137e0
1.7533168e0 1.199988e0 2.142947e0 2.142947e0
1.9266489e0 1.199988e0 1.685108e0 1.685108e0
2.099981e0 1.199988e0 1.3106712e0 1.3106712e0
2.273313e0 1.199988e0 1.2494263e0 1.2494263e0
2.446645e0 1.199988e0 1.5612488e0 1.5612488e0
2.6199771e0 1.199988e0 2.126733e0 2.126733e0
2.7933092e0 1.199988e0 2.7203831e0 2.7203831e0
2.9666412e0 1.199988e0 3.1201418e0 3.1201418e0
3.1399733e0 1.199988e0 3.2011336e0 3.2011336e0
3.3133054e0 1.199988e0 2.9757281e0 2.9757281e0
3.4866374e0 1.199988e0 2.5697394e0 2.5697394e0
3.6599695e0 1.199988e0 2.1552203e0 2.1552203e0
3.8333015e0 1.199988e0 1.8746767e0 1.8746767e0
4.0066336e0 1.199988e0 1.7892868e0 1.7892868e0
4.1799657e0 1.199988e0 1.8705952e0 1.8705952e0
4.3532977e0 1.199988e0 2.030046e0 2.030046e0
4.5266298e0 1.199988e0 2.1688121e0 2.1688121e0
4.6999619e0 1.199988e0 2.222255e0 2.222255e0

-5.0e-1 1.266654e0 2.6261284e0 2.6261284e0
-3.2666794e-1 1.266654e0 5.4183118e0 5.4183118e0
-1.5333588e-1 1.266654e0 7.1700679e0 7.1700679e0
1.999619e-2 1.266654e0 7.3592264e0 7.3592264e0
1.9332825e-1 1.266654e0 6.123988e0 6.123988e0
3.6666031e-1 1.266654e0 4.120305e0 4.120305e0
5.399924e-1 1.266654e0 2.1758575e0 2.1758575e0
7.133244e-1 1.266654e0 9.359575e-1 9.359575e-1
8.866565e-1 1.266654e0 6.41247e-1 6.41247e-1
1.0599886e0 1.266654e0 1.106345e0 1.106345e0
1.2333206e0 1.266654e0 1.885296e0 1.885296e0
1.4066527e0 1.266654e0 2.5132474e0 2.5132474e0
1.5799847e0 1.266654e0 2.7105943e0 2.7105943e0
1.7533168e0 1.266654e0 2.4718275e0 2.4718275e0
1.9266489e0 1.266654e0 2.0139886e0 2.0139886e0
2.099981e0 1.266654e0 1.6395518e0 1.6395518e0
2.273313e0 1.266654e0 1.5783069e0 1.5783069e0
2.446645e0 1.266654e0 1.8901294e0 1.8901294e0
2.6199771e0 1.266654e0 2.4556136e0 2.4556136e0
2.7933092e0 1.266654e0 3.0492638e0 3.0492638e0
2.9666412e0 1.266654e0 3.4490224e0 3.4490224e0
3.1399733e0 1.266654e0 3.5300142e0 3.5300142e0
3.3133054e0 1.266654e0 3.3046088e0 3.3046088e0
3.4866374e0 1.266654e0 2.89862e0 2.89862e0
3.6599695e0 1.266654e0 2.484101e0 2.484101e0
3.8333015e0 1.266654e0 2.2035573e0 2.2035573e0
4.0066336e0 1.266654e0 2.1181674e0 2.1181674e0
4.1799657e0 1.266654e0 2.1994759e0 2.1994759e0
4.3532977e0 1.266654e0 2.3589265e0 2.3589265e0
4.5266298e0 1.266654e0 2.4976927e0 2.4976927e0
4.6999619e0 1.266654e0 2.5511356e0 2.5511356e0

-5.0e-1 1.33332e0 2.972794e0 2.972794e0
-3.2666794e-1 1.33332e0 5.7649774e0 5.7649774e0
-1.5333588e-1 1.33332e0 7.5167336e0 7.5167336e0
1.999619e-2 1.33332e0 7.705892e0 7.705892e0
1.9332825e-1 1.33332e0 6.4706537e0 6.4706537e0
3.6666031e-1 1.33332e0 4.4669707e0 4.4669707e0
5.399924e-1 1.33332e0 2.5225232e0 2.5225232e0
7.133244e-1 1.33332e0 1.2826231e0 1.2826231e0
8.866565e-1 1.33332e0 9.879126e-1 9.879126e-1
1.0599886e0 1.33332e0 1.4530107e0 1.4530107e0
1.2333206e0 1.33332e0 2.2319617e0 2.2319617e0
1.4066527e0 1.33332e0 2.859913e0 2.859913e0
1.5799847e0 1.33332e0 3.05726e0 3.05726e0
1.7533168e0 1.33332e0 2.8184932e0 2.8184932e0
1.9266489e0 1.33332e0 2.3606543e0 2.3606543e0
2.099981e0 1.33332e0 1.9862175e0 1.9862175e0
2.273313e0 1.33332e0 1.9249725e0 1.9249725e0
2.446645e0 1.33332e0 2.236795e0 2.236795e0
2.6199771e0 1.33332e0 2.8022792e0 2.8022792e0
2.7933092e0 1.33332e0 3.3959294e0 3.3959294e0
2.9666412e0 1.33332e0 3.795688e0 3.795688e0
3.1399733e0 1.33332e0 3.8766798e0 3.8766798e0
3.3133054e0 1.33332e0 3.6512744e0 3.6512744e0
3.4866374e0 1.33332e0 3.2452856e0 3.2452856e0
3.6599695e0 1.33332e0 2.8307666e0 2.8307666e0
3.8333015e0 1.33332e0 2.550223e0 2.550223e0
4.0066336e0 1.33332e0 2.464833e0 2.464833e0
4.1799657e0 1.33332e0 2.5461415e0 2.5461415e0
4.3532977e0 1.33332e0 2.7055922e0 2.7055922e0
4.5266298e0 1.33332e0 2.8443584e0 2.8443584e0
4.6999619e0 1.33332e0 2.8978012e0 2.8978012e0

-5.0e-1 1.39998601e0 3.3372295e0 3.3372295e0
-3.2666794e-1 1.39998601e0 6.1294128e0 6.1294128e0
-1.5333588e-1 1.39998601e0 7.881169e0 7.881169e0
1.999619e-2 1.39998601e0 8.0703275e0 8.0703275e0
1.9332825e-1 1.39998601e0 6.8350891e0 6.8350891e0
3.6666031e-1 1.39998601e0 4.8314061e0 4.8314061e0
5.399924e-1 1.39998601e0 2.8869586e0 2.8869586e0
7.133244e-1 1.39998601e0 1.6470586e0 1.6470586e0
8.866565e-1 1.39998601e0 1.352348e0 1.352348e0
1.0599886e0 1.39998601e0 1.8174461e0 1.8174461e0
1.2333206e0 1.39998601e0 2.5963971e0 2.5963971e0
1.4066527e0 1.39998601e0 3.2243484e0 3.2243484e0
1.5799847e0 1.39998601e0 3.4216954e0 3.4216954e0
1.7533168e0 1.39998601e0 3.1829286e0 3.1829286e0
1.9266489e0 1.39998601e0 2.7250897e0 2.7250897e0
2.099981e0 1.39998601e0 2.3506529e0 2.3506529e0
2.273313e0 1.39998601e0 2.289408e0 2.289408e0
2.446645e0 1.39998601e0 2.6012305e0 2.6012305e0
2.6199771e0 1.39998601e0 3.1667146e0 3.1667146e0
2.7933092e0 1.39998601e0 3.7603648e0 3.7603648e0
2.9666412e0 1.39998601e0 4.1601234e0 4.1601234e0
3.1399733e0 1.39998601e0 4.2411153e0 4.2411153e0
3.3133054e0 1.39998601e0 4.0157098e0 4.0157098e0
3.4866374e0 1.39998601e0 3.609721e0 3.609721e0
3.6599695e0 1.39998601e0 3.195202e0 3.195202e0
3.8333015e0 1.39998601e0 2.9146584e0 2.9146584e0
4.0066336e0 1.39998601e0 2.8292685e0 2.8292685e0
4.1799657e0 1.39998601e0 2.910577e0 2.910577e0
4.3532977e0 1.39998601e0 3.0700276e0 3.0700276e0
4.5266298e0 1.39998601e0 3.2087938e0 3.2087938e0
4.6999619e0 1.39998601e0 3.2622366e0 3.2622366e0

-5.0e-1 1.46665201e0 3.7194426e0 3.7194426e0
-3.2666794e-1 1.46665201e0 6.511626e0 6.511626e0
-1.5333588e-1 1.46665201e0 8.2633821e0 8.2633821e0
1.999619e-2 1.46665201e0 8.4525406e0 8.4525406e0
1.9332825e-1 1.46665201e0 7.2173022e0 7.2173022e0
3.6666031e-1 1.46665201e0 5.2136192e0 5.2136192e0
5.399924e-1 1.46665201e0 3.2691718e0 3.2691718e0
7.133244e-1 1.46665201e0 2.0292717e0 2.0292717e0
8.866565e-1 1.46665201e0 1.7345612e0 1.7345612e0
1.0599886e0 1.46665201e0 2.1996593e0 2.1996593e0
1.2333206e0 1.46665201e0 2.9786102e0 2.9786102e0
1.4066527e0 1.46665201e0 3.6065616e0 3.6065616e0
1.5799847e0 1.46665201e0 3.8039085e0 3.8039085e0
1.7533168e0 1.46665201e0 3.5651418e0 3.5651418e0
1.9266489e0 1.46665201e0 3.1073029e0 3.1073029e0
2.099981e0 1.46665201e0 2.732866e0 2.732866e0
2.273313e0 1.46665201e0 2.6716211e0 2.6716211e0
2.446645e0 1.46665201e0 2.9834436e0 2.9834436e0
2.6199771e0 1.46665201e0 3.5489278e0 3.5489278e0
2.7933092e0 1.46665201e0 4.142578e0 4.142578e0
2.9666412e0 1.46665201e0 4.5423366e0 4.5423366e0
3.1399733e0 1.46665201e0 4.6233284e0 4.6233284e0
3.3133054e0 1.46665201e0 4.397923e0 4.397923e0
3.4866374e0 1.46665201e0 3.9919342e0 3.9919342e0
3.6599695e0 1.46665201e0 3.5774152e0 3.5774152e0
3.8333015e0 1.46665201e0 3.2968715e0 3.2968715e0
4.0066336e0 1.46665201e0 3.2114816e0 3.2114816e0
4.1799657e0 1.46665201e0 3.29279e0 3.29279e0
4.3532977e0 1.46665201e0 3.4522408e0 3.4522408e0
4.5266298e0 1.46665201e0 3.591007e0 3.591007e0
4.6999619e0 1.46665201e0 3.6444498e0 3.6444498e0

-5.0e-1 1.53331801e0 4.1194304e0 4.1194304e0
-3.2666794e-1 1.53331801e0 6.9116138e0 6.9116138e0
-1.5333588e-1 1.53331801e0 8.6633699e0 8.6633699e0
1.999619e-2 1.53331801e0 8.8525284e0 8.8525284e0
1.9332825e-1 1.53331801e0 7.61729e0 7.61729e0
3.6666031e-1 1.53331801e0 5.613607e0 5.613607e0
5.399924e-1 1.53331801e0 3.6691595e0 3.6691595e0
7.133244e-1 1.53331801e0 2.4292595e0 2.4292595e0
8.866565e-1 1.53331801e0 2.134549e0 2.134549e0
1.0599886e0 1.53331801e0 2.599647e0 2.599647e0
1.2333206e0 1.53331801e0 3.378598e0 3.378598e0
1.4066527e0 1.53331801e0 4.0065494e0 4.0065494e0
1.5799847e0 1.53331801e0 4.2038963e0 4.2038963e0
1.7533168e0 1.53331801e0 3.9651295e0 3.9651295e0
1.9266489e0 1.53331801e0 3.5072906e0 3.5072906e0
2.099981e0 1.53331801e0 3.1328539e0 3.1328539e0
2.273313e0 1.53331801e0 3.0716089e0 3.0716089e0
2.446645e0 1.53331801e0 3.3834314e0 3.3834314e0
2.6199771e0 1.53331801e0 3.9489156e0 3.9489156e0
2.7933092e0 1.53331801e0 4.5425658e0 4.5425658e0
2.9666412e0 1.53331801e0 4.9423244e0 4.9423244e0
3.1399733e0 1.53331801e0 5.0233162e0 5.0233162e0
3.3133054e0 1.53331801e0 4.7979108e0 4.7979108e0
3.4866374e0 1.53331801e0 4.391922e0 4.391922e0
3.6599695e0 1.53331801e0 3.977403e0 3.977403e0
3.8333015e0 1.53331801e0 3.6968593e0 3.6968593e0
4.0066336e0 1.53331801e0 3.6114694e0 3.6114694e0
4.1799657e0 1.53331801e0 3.6927779e0 3.6927779e0
4.3532977e0 1.53331801e0 3.8522285e0 3.8522285e0
4.5266298e0 1.53331801e0 3.9909947e0 3.9909947e0
4.6999619e0 1.53331801e0 4.0444376e0 4.0444376e0

-5.0e-1 1.59998401e0 4.53721e0 4.53721e0
-3.2666794e-1 1.59998401e0 7.3293933e0 7.3293933e0
-1.5333588e-1 1.59998401e0 9.0811494e0 9.0811494e0
1.999619e-2 1.59998401e0 9.2703079e0 9.2703079e0
1.9332825e-1 1.59998401e0 8.0350696e0 8.0350696e0
3.6666031e-1 1.59998401e0 6.0313866e0 6.0313866e0
5.399924e-1 1.59998401e0 4.0869391e0 4.0869391e0
7.133244e-1 1.59998401e0 2.847039e0 2.847039e0
8.866565e-1 1.59998401e0 2.5523285e0 2.5523285e0
1.0599886e0 1.59998401e0 3.0174266e0 3.0174266e0
1.2333206e0 1.59998401e0 3.7963776e0 3.7963776e0
1.4066527e0 1.59998401e0 4.4243289e0 4.4243289e0
1.5799847e0 1.59998401e0 4.6216759e0 4.6216759e0
1.7533168e0 1.59998401e0 4.3829091e0 4.3829091e0
1.9266489e0 1.59998401e0 3.9250702e0 3.9250702e0
2.099981e0 1.59998401e0 3.5506334e0 3.5506334e0
2.273313e0 1.59998401e0 3.4893884e0 3.4893884e0
2.446645e0 1.59998401e0 3.801211e0 3.801211e0
2.6199771e0 1.59998401e0 4.3666951e0 4.3666951e0
2.7933092e0 1.59998401e0 4.9603453e0 4.9603453e0
2.9666412e0 1.59998401e0 5.3601039e0 5.3601039e0
3.1399733e0 1.59998401e0 5.4410957e0 5.4410957e0
3.3133054e0 1.59998401e0 5.2156903e0 5.2156903e0
3.4866374e0 1.59998401e0 4.8097015e0 4.8097015e0
3.6599695e0 1.59998401e0 4.3951825e0 4.3951825e0
3.8333015e0 1.59998401e0 4.1146388e0 4.1146388e0
4.0066336e0 1.59998401e0 4.029249e0 4.029249e0
4.1799657e0 1.59998401e0 4.1105574e0 4.1105574e0
4.3532977e0 1.59998401e0 4.2700081e0 4.2700081e0
4.5266298e0 1.59998401e0 4.4087743e0 4.4087743e0
4.6999619e0 1.59998401e0 4.4622171e0 4.4622171e0

-5.0e-1 1.66665001e0 4.9727507e0 4.9727507e0
-3.2666794e-1 1.66665001e0 7.7649341e0 7.7649341e0
-1.5333588e-1 1.66665001e0 9.5166902e0 9.5166902e0
1.999619e-2 1.66665001e0 9.7058487e0 9.7058487e0
1.9332825e-1 1.66665001e0 8.4706104e0 8.4706104e0
3.6666031e-1 1.66665001e0 6.4669273e0 6.4669273e0
5.399924e-1 1.66665001e0 4.5224799e0 4.5224799e0
7.133244e-1 1.66665001e0 3.2825798e0 3.2825798e0
8.866565e-1 1.66665001e0 2.9878693e0 2.9878693e0
1.0599886e0 1.66665001e0 3.4529674e0 3.4529674e0
1.2333206e0 1.66665001e0 4.2319183e0 4.2319183e0
1.4066527e0 1.66665001e0 4.8598697e0 4.8598697e0
1.5799847e0 1.66665001e0 5.0572166e0 5.0572166e0
1.7533168e0 1.66665001e0 4.8184499e0 4.8184499e0
1.9266489e0 1.66665001e0 4.360611e0 4.360611e0
2.099981e0 1.66665001e0 3.9861742e0 3.9861742e0
2.273313e0 1.66665001e0 3.9249292e0 3.9249292e0
2.446645e0 1.66665001e0 4.2367517e0 4.2367517e0
2.6199771e0 1.66665001e0 4.8022359e0 4.8022359e0
2.7933092e0 1.66665001e0 5.3958861e0 5.3958861e0
2.9666412e0 1.66665001e0 5.7956447e0 5.7956447e0
3.1399733e0 1.66665001e0 5.8766365e0 5.8766365e0
3.3133054e0 1.66665001e0 5.6512311e0 5.6512311e0
3.4866374e0 1.66665001e0 5.2452423e0 5.2452423e0
3.6599695e0 1.66665001e0 4.8307233e0 4.8307233e0
3.8333015e0 1.66665001e0 4.5501796e0 4.5501796e0
4.0066336e0 1.66665001e0 4.4647897e0 4.4647897e0
4.1799657e0 1.66665001e0 4.5460982e0 4.5460982e0
4.3532977e0 1.66665001e0 4.7055489e0 4.7055489e0
4.5266298e0 1.66665001e0 4.844315e0 4.844315e0
4.6999619e0 1.66665001e0 4.8977579e0 4.8977579e0

-5.0e-1 1.73331601e0 5.4260771e0 5.4260771e0
-3.2666794e-1 1.73331601e0 8.2182605e0 8.2182605e0
-1.5333588e-1 1.73331601e0 9.9700166e0 9.9700166e0
1.999619e-2 1.73331601e0 1.01591751e1 1.01591751e1
1.9332825e-1 1.73331601e0 8.9239368e0 8.9239368e0
3.6666031e-1 1.73331601e0 6.9202538e0 6.9202538e0
5.399924e-1 1.73331601e0 4.9758063e0 4.9758063e0
7.133244e-1 1.73331601e0 3.7359062e0 3.7359062e0
8.866565e-1 1.73331601e0 3.4411957e0 3.4411957e0
1.0599886e0 1.73331601e0 3.9062938e0 3.9062938e0
1.2333206e0 1.73331601e0 4.6852448e0 4.6852448e0
1.4066527e0 1.73331601e0 5.3131961e0 5.3131961e0
1.5799847e0 1.73331601e0 5.510543e0 5.510543e0
1.7533168e0 1.73331601e0 5.2717763e0 5.2717763e0
1.9266489e0 1.73331601e0 4.8139374e0 4.8139374e0
2.099981e0 1.73331601e0 4.4395006e0 4.4395006e0
2.273313e0 1.73331601e0 4.3782556e0 4.3782556e0
2.446645e0 1.73331601e0 4.6900781e0 4.6900781e0
2.6199771e0 1.73331601e0 5.2555623e0 5.2555623e0
2.7933092e0 1.73331601e0 5.8492125e0 5.8492125e0
2.9666412e0 1.73331601e0 6.2489711e0 6.2489711e0
3.1399733e0 1.73331601e0 6.3299629e0 6.3299629e0
3.3133054e0 1.73331601e0 6.1045575e0 6.1045575e0
3.4866374e0 1.73331601e0 5.6985687e0 5.6985687e0
3.6599695e0 1.73331601e0 5.2840497e0 5.2840497e0
3.8333015e0 1.73331601e0 5.003506e0 5.003506e0
4.0066336e0 1.73331601e0 4.9181161e0 4.9181161e0
4.1799657e0 1.73331601e0 4.9994246e0 4.9994246e0
4.3532977e0 1.73331601e0 5.1588753e0 5.1588753e0
4.5266298e0 1.73331601e0 5.2976414e0 5.2976414e0
4.6999619e0 1.73331601e0 5.3510843e0 5.3510843e0

-5.0e-1 1.79998201e0 5.897177e0 5.897177e0
-3.2666794e-1 1.79998201e0 8.6893604e0 8.6893604e0
-1.5333588e-1 1.79998201e0 1.04411165e1 1.04411165e1
1.999619e-2 1.79998201e0 1.0630275e1 1.0630275e1
1.9332825e-1 1.79998201e0 9.3950366e0 9.3950366e0
3.6666031e-1 1.79998201e0 7.3913536e0 7.3913536e0
5.399924e-1 1.79998201e0 5.4469061e0 5.4469061e0
7.133244e-1 1.79998201e0 4.207006e0 4.207006e0
8.866565e-1 1.79998201e0 3.9122955e0 3.9122955e0
1.0599886e0 1.79998201e0 4.3773936e0 4.3773936e0
1.2333206e0 1.79998201e0 5.1563446e0 5.1563446e0
1.4066527e0 1.79998201e0 5.784296e0 5.784296e0
1.5799847e0 1.79998201e0 5.9816429e0 5.9816429e0
1.7533168e0 1.79998201e0 5.7428761e0 5.7428761e0
1.9266489e0 1.79998201e0 5.2850372e0 5.2850372e0
2.099981e0 1.79998201e0 4.9106004e0 4.9106004e0
2.273313e0 1.79998201e0 4.8493555e0 4.8493555e0
2.446645e0 1.79998201e0 5.161178e0 5.161178e0
2.6199771e0 1.79998201e0 5.7266621e0 5.7266621e0
2.7933092e0 1.79998201e0 6.3203123e0 6.3203123e0
2.9666412e0 1.79998201e0 6.720071e0 6.720071e0
3.1399733e0 1.79998201e0 6.8010628e0 6.8010628e0
3.3133054e0 1.79998201e0 6.5756573e0 6.5756573e0
3.4866374e0 1.79998201e0 6.1696686e0 6.1696686e0
3.6599695e0 1.79998201e0 5.7551495e0 5.7551495e0
3.8333015e0 1.79998201e0 5.4746059e0 5.4746059e0
4.0066336e0 1.79998201e0 5.389216e0 5.389216e0
4.1799657e0 1.79998201e0 5.4705244e0 5.4705244e0
4.3532977e0 1.79998201e0 5.6299751e0 5.6299751e0
4.5266298e0 1.79998201e0 5.7687413e0 5.7687413e0
4.6999619e0 1.79998201e0 5.8221841e0 5.8221841e0

-5.0e-1 1.86664801e0 6.3860503e0 6.3860503e0
-3.2666794e-1 1.86664801e0 9.1782336e0 9.1782336e0
-1.5333588e-1 1.86664801e0 1.09299898e1 1.09299898e1
1.999619e-2 1.86664801e0 1.11191483e1 1.11191483e1
1.9332825e-1 1.86664801e0 9.8839099e0 9.8839099e0
3.6666031e-1 1.86664801e0 7.8802269e0 7.8802269e0
5.399924e-1 1.86664801e0 5.9357794e0 5.9357794e0
7.133244e-1 1.86664801e0 4.6958794e0 4.6958794e0
8.866565e-1 1.86664801e0 4.4011688e0 4.4011688e0
1.0599886e0 1.86664801e0 4.866267e0 4.866267e0
1.2333206e0 1.86664801e0 5.6452179e0 5.6452179e0
1.4066527e0 1.86664801e0 6.2731693e0 6.2731693e0
1.5799847e0 1.86664801e0 6.4705162e0 6.4705162e0
1.7533168e0 1.86664801e0 6.2317494e0 6.2317494e0
1.9266489e0 1.86664801e0 5.7739105e0 5.7739105e0
2.099981e0 1.86664801e0 5.3994737e0 5.3994737e0
2.273313e0 1.86664801e0 5.3382288e0 5.3382288e0
2.446645e0 1.86664801e0 5.6500513e0 5.6500513e0
2.6199771e0 1.86664801e0 6.2155354e0 6.2155354e0
2.7933092e0 1.86664801e0 6.8091856e0 6.8091856e0
2.9666412e0 1.86664801e0 7.2089442e0 7.2089442e0
3.1399733e0 1.86664801e0 7.289936e0 7.289936e0
3.3133054e0 1.86664801e0 7.0645306e0 7.0645306e0
3.4866374e0 1.86664801e0 6.6585419e0 6.6585419e0
3.6599695e0 1.86664801e0 6.2440228e0 6.2440228e0
3.8333015e0 1.86664801e0 5.9634792e0 5.9634792e0
4.0066336e0 1.86664801e0 5.8780893e0 5.8780893e0
4.1799657e0 1.86664801e0 5.9593977e0 5.9593977e0
4.3532977e0 1.86664801e0 6.1188484e0 6.1188484e0
4.5266298e0 1.86664801e0 6.2576146e0 6.2576146e0
4.6999619e0 1.86664801e0 6.3110574e0 6.3110574e0

-5.0e-1 1.93331401e0 6.8927153e0 6.8927153e0
-3.2666794e-1 1.93331401e0 9.6848987e0 9.6848987e0
-1.5333588e-1 1.93331401e0 1.14366548e1 1.14366548e1
1.999619e-2 1.93331401e0 1.16258133e1 1.16258133e1
1.9332825e-1 1.93331401e0 1.0390575e1 1.0390575e1
3.6666031e-1 1.93331401e0 8.386892e0 8.386892e0
5.399924e-1 1.93331401e0 6.4424445e0 6.4424445e0
7.133244e-1 1.93331401e0 5.2025444e0 5.2025444e0
8.866565e-1 1.93331401e0 4.9078339e0 4.9078339e0
1.0599886e0 1.93331401e0 5.372932e0 5.372932e0
1.2333206e0 1.93331401e0 6.151883e0 6.151883e0
1.4066527e0 1.93331401e0 6.7798343e0 6.7798343e0
1.5799847e0 1.93331401e0 6.9771812e0 6.9771812e0
1.7533168e0 1.93331401e0 6.7384145e0 6.7384145e0
1.9266489e0 1.93331401e0 6.2805756e0 6.2805756e0
2.099981e0 1.93331401e0 5.9061388e0 5.9061388e0
2.273313e0 1.93331401e0 5.8448938e0 5.8448938e0
2.446645e0 1.93331401e0 6.1567163e0 6.1567163e0
2.6199771e0 1.93331401e0 6.7222005e0 6.7222005e0
2.7933092e0 1.93331401e0 7.3158507e0 7.3158507e0
2.9666412e0 1.93331401e0 7.7156093e0 7.7156093e0
3.1399733e0 1.93331401e0 7.7966011e0 7.7966011e0
3.3133054e0 1.93331401e0 7.5711957e0 7.5711957e0
3.4866374e0 1.93331401e0 7.1652069e0 7.1652069e0
3.6599695e0 1.93331401e0 6.7506879e0 6.7506879e0
3.8333015e0 1.93331401e0 6.4701442e0 6.4701442e0
4.0066336e0 1.93331401e0 6.3847543e0 6.3847543e0
4.1799657e0 1.93331401e0 6.4660628e0 6.4660628e0
4.3532977e0 1.93331401e0 6.6255135e0 6.6255135e0
4.5266298e0 1.93331401e0 6.7642796e0 6.7642796e0
4.6999619e0 1.93331401e0 6.8177225e0 6.8177225e0

-5.0e-1 1.99998001e0 7.4171477e0 7.4171477e0
-3.2666794e-1 1.99998001e0 1.0209331e1 1.0209331e1
-1.5333588e-1 1.99998001e0 1.19610872e1 1.19610872e1
1.999619e-2 1.99998001e0 1.21502457e1 1.21502457e1
1.9332825e-1 1.99998001e0 1.09150073e1 1.09150073e1
3.6666031e-1 1.99998001e0 8.9113243e0 8.9113243e0
5.399924e-1 1.99998001e0 6.9668768e0 6.9668768e0
7.133244e-1 1.99998001e0 5.7269768e0 5.7269768e0
8.866565e-1 1.99998001e0 5.4322662e0 5.4322662e0
1.0599886e0 1.99998001e0 5.8973643e0 5.8973643e0
1.2333206e0 1.99998001e0 6.6763153e0 6.6763153e0
1.4066527e0 1.99998001e0 7.3042667e0 7.3042667e0
1.5799847e0 1.99998001e0 7.5016136e0 7.5016136e0
1.7533168e0 1.99998001e0 7.2628468e0 7.2628468e0
1.9266489e0 1.99998001e0 6.805008e0 6.805008e0
2.099981e0 1.99998001e0 6.4305711e0 6.4305711e0
2.273313e0 1.99998001e0 6.3693262e0 6.3693262e0
2.446645e0 1.99998001e0 6.6811487e0 6.6811487e0
2.6199771e0 1.99998001e0 7.2466328e0 7.2466328e0
2.7933092e0 1.99998001e0 7.840283e0 7.840283e0
2.9666412e0 1.99998001e0 8.2400417e0 8.2400417e0
3.1399733e0 1.99998001e0 8.3210335e0 8.3210335e0
3.3133054e0 1.99998001e0 8.095628e0 8.095628e0
3.4866374e0 1.99998001e0 7.6896393e0 7.6896393e0
3.6599695e0 1.99998001e0 7.2751202e0 7.2751202e0
3.8333015e0 1.99998001e0 6.9945766e0 6.9945766e0
4.0066336e0 1.99998001e0 6.9091867e0 6.9091867e0
4.1799657e0 1.99998001e0 6.9904951e0 6.9904951e0
4.3532977e0 1.99998001e0 7.1499458e0 7.1499458e0
4.5266298e0 1.99998001e0 7.288712e0 7.288712e0
4.6999619e0 1.99998001e0 7.3421548e0 7.3421548e0
