-5.0e-1 -2.0e0 7.4173064e0 7.4173064e0
-3.2666794e-1 -2.0e0 1.02094897e1 1.02094897e1
-1.5333588e-1 -2.0e0 1.19612459e1 1.19612459e1
1.999619e-2 -2.0e0 1.21504044e1 1.21504044e1
1.9332825e-1 -2.0e0 1.0915166e1 1.0915166e1
3.6666031e-1 -2.0e0 8.911483e0 8.911483e0
5.399924e-1 -2.0e0 6.9670355e0 6.9670355e0
7.133244e-1 -2.0e0 5.7271355e0 5.7271355e0
8.866565e-1 -2.0e0 5.432425e0 5.432425e0
1.0599886e0 -2.0e0 5.897523e0 5.897523e0
1.2333206e0 -2.0e0 6.676474e0 6.676474e0
1.4066527e0 -2.0e0 7.3044254e0 7.3044254e0
1.5799847e0 -2.0e0 7.5017723e0 7.5017723e0
1.7533168e0 -2.0e0 7.2630055e0 7.2630055e0
1.9266489e0 -2.0e0 6.8051666e0 6.8051666e0
2.099981e0 -2.0e0 6.4307298e0 6.4307298e0
2.273313e0 -2.0e0 6.3694849e0 6.3694849e0
2.446645e0 -2.0e0 6.6813074e0 6.6813074e0
2.6199771e0 -2.0e0 7.2467915e0 7.2467915e0
2.7933092e0 -2.0e0 7.8404417e0 7.8404417e0
2.9666412e0 -2.0e0 8.2402003e0 8.2402003e0
3.1399733e0 -2.0e0 8.3211922e0 8.3211922e0
3.3133054e0 -2.0e0 8.0957867e0 8.0957867e0
3.4866374e0 -2.0e0 7.689798e0 7.689798e0
3.6599695e0 -2.0e0 7.275279e0 7.275279e0
3.8333015e0 -2.0e0 6.9947353e0 6.9947353e0
4.0066336e0 -2.0e0 6.9093454e0 6.9093454e0
4.1799657e0 -2.0e0 6.9906538e0 6.9906538e0
4.3532977e0 -2.0e0 7.1501045e0 7.1501045e0
4.5266298e0 -2.0e0 7.2888707e0 7.2888707e0
4.6999619e0 -2.0e0 7.3423135e0 7.3423135e0

-5.0e-1 -1.866667e0 6.3861967e0 6.3861967e0
-3.2666794e-1 -1.866667e0 9.1783801e0 9.1783801e0
-1.5333588e-1 -1.866667e0 1.09301363e1 1.09301363e1
1.999619e-2 -1.866667e0 1.11192947e1 1.11192947e1
1.9332825e-1 -1.866667e0 9.8840564e0 9.8840564e0
3.6666031e-1 -1.866667e0 7.8803734e0 7.8803734e0
5.399924e-1 -1.866667e0 5.9359259e0 5.9359259e0
7.133244e-1 -1.866667e0 4.6960258e0 4.6960258e0
8.866565e-1 -1.866667e0 4.4013153e0 4.4013153e0
1.0599886e0 -1.866667e0 4.8664134e0 4.8664134e0
1.2333206e0 -1.866667e0 5.6453644e0 5.6453644e0
1.4066527e0 -1.866667e0 6.2733157e0 6.2733157e0
1.5799847e0 -1.866667e0 6.4706627e0 6.4706627e0
1.7533168e0 -1.866667e0 6.2318959e0 6.2318959e0
1.9266489e0 -1.866667e0 5.774057e0 5.774057e0
2.099981e0 -1.866667e0 5.3996202e0 5.3996202e0
2.273313e0 -1.866667e0 5.3383752e0 5.3383752e0
2.446645e0 -1.866667e0 5.6501978e0 5.6501978e0
2.6199771e0 -1.866667e0 6.2156819e0 6.2156819e0
2.7933092e0 -1.866667e0 6.8093321e0 6.8093321e0
2.9666412e0 -1.866667e0 7.2090907e0 7.2090907e0
3.1399733e0 -1.866667e0 7.2900826e0 7.2900826e0
3.3133054e0 -1.866667e0 7.0646771e0 7.0646771e0
3.4866374e0 -1.866667e0 6.6586884e0 6.6586884e0
3.6599695e0 -1.866667e0 6.2441693e0 6.2441693e0
3.8333015e0 -1.866667e0 5.9636256e0 5.9636256e0
4.0066336e0 -1.866667e0 5.8782358e0 5.8782358e0
4.1799657e0 -1.866667e0 5.9595442e0 5.9595442e0
4.3532977e0 -1.866667e0 6.1189949e0 6.1189949e0
4.5266298e0 -1.866667e0 6.2577611e0 6.2577611e0
4.6999619e0 -1.866667e0 6.3112039e0 6.3112039e0

-5.0e-1 -1.733334e0 5.4262053e0 5.4262053e0
-3.2666794e-1 -1.733334e0 8.2183887e0 8.2183887e0
-1.5333588e-1 -1.733334e0 9.9701448e0 9.9701448e0
1.999619e-2 -1.733334e0 1.01593033e1 1.01593033e1
1.9332825e-1 -1.733334e0 8.924065e0 8.924065e0
3.6666031e-1 -1.733334e0 6.920382e0 6.920382e0
5.399924e-1 -1.733334e0 4.9759344e0 4.9759344e0
7.133244e-1 -1.733334e0 3.7360344e0 3.7360344e0
8.866565e-1 -1.733334e0 3.4413239e0 3.4413239e0
1.0599886e0 -1.733334e0 3.906422e0 3.906422e0
1.2333206e0 -1.733334e0 4.685373e0 4.685373e0
1.4066527e0 -1.733334e0 5.3133243e0 5.3133243e0
1.5799847e0 -1.733334e0 5.5106712e0 5.5106712e0
1.7533168e0 -1.733334e0 5.2719044e0 5.2719044e0
1.9266489e0 -1.733334e0 4.8140656e0 4.8140656e0
2.099981e0 -1.733334e0 4.4396288e0 4.4396288e0
2.273313e0 -1.733334e0 4.3783838e0 4.3783838e0
2.446645e0 -1.733334e0 4.6902063e0 4.6902063e0
2.6199771e0 -1.733334e0 5.2556905e0 5.2556905e0
2.7933092e0 -1.733334e0 5.8493407e0 5.8493407e0
2.9666412e0 -1.733334e0 6.2490993e0 6.2490993e0
3.1399733e0 -1.733334e0 6.3300911e0 6.3300911e0
3.3133054e0 -1.733334e0 6.1046857e0 6.1046857e0
3.4866374e0 -1.733334e0 5.6986969e0 5.6986969e0
3.6599695e0 -1.733334e0 5.2841779e0 5.2841779e0
3.8333015e0 -1.733334e0 5.0036342e0 5.0036342e0
4.0066336e0 -1.733334e0 4.9182443e0 4.9182443e0
4.1799657e0 -1.733334e0 4.9995528e0 4.9995528e0
4.3532977e0 -1.733334e0 5.1590034e0 5.1590034e0
4.5266298e0 -1.733334e0 5.2977696e0 5.2977696e0
4.6999619e0 -1.733334e0 5.3512125e0 5.3512125e0

-5.0e-1 -1.600001e0 4.5373137e0 4.5373137e0
-3.2666794e-1 -1.600001e0 7.329497e0 7.329497e0
-1.5333588e-1 -1.600001e0 9.0812532e0 9.0812532e0
1.999619e-2 -1.600001e0 9.2704117e0 9.2704117e0
1.9332825e-1 -1.600001e0 8.0351733e0 8.0351733e0
3.6666031e-1 -1.600001e0 6.0314903e0 6.0314903e0
5.399924e-1 -1.600001e0 4.0870428e0 4.0870428e0
7.133244e-1 -1.600001e0 2.8471428e0 2.8471428e0
8.866565e-1 -1.600001e0 2.5524323e0 2.5524323e0
1.0599886e0 -1.600001e0 3.0175304e0 3.0175304e0
1.2333206e0 -1.600001e0 3.7964813e0 3.7964813e0
1.4066527e0 -1.600001e0 4.4244327e0 4.4244327e0
1.5799847e0 -1.600001e0 4.6217796e0 4.6217796e0
1.7533168e0 -1.600001e0 4.3830128e0 4.3830128e0
1.9266489e0 -1.600001e0 3.925174e0 3.925174e0
2.099981e0 -1.600001e0 3.5507372e0 3.5507372e0
2.273313e0 -1.600001e0 3.4894922e0 3.4894922e0
2.446645e0 -1.600001e0 3.8013147e0 3.8013147e0
2.6199771e0 -1.600001e0 4.3667989e0 4.3667989e0
2.7933092e0 -1.600001e0 4.960449e0 4.960449e0
2.9666412e0 -1.600001e0 5.3602077e0 5.3602077e0
3.1399733e0 -1.600001e0 5.4411995e0 5.4411995e0
3.3133054e0 -1.600001e0 5.215794e0 5.215794e0
3.4866374e0 -1.600001e0 4.8098053e0 4.8098053e0
3.6599695e0 -1.600001e0 4.3952863e0 4.3952863e0
3.8333015e0 -1.600001e0 4.1147426e0 4.1147426e0
4.0066336e0 -1.600001e0 4.0293527e0 4.0293527e0
4.1799657e0 -1.600001e0 4.1106612e0 4.1106612e0
4.3532977e0 -1.600001e0 4.2701118e0 4.2701118e0
4.5266298e0 -1.600001e0 4.408878e0 4.408878e0
4.6999619e0 -1.600001e0 4.4623209e0 4.4623209e0

-5.0e-1 -1.4666681e0 3.7195403e0 3.7195403e0
-3.2666794e-1 -1.4666681e0 6.5117236e0 6.5117236e0
-1.5333588e-1 -1.4666681e0 8.2634798e0 8.2634798e0
1.999619e-2 -1.4666681e0 8.4526382e0 8.4526382e0
1.9332825e-1 -1.4666681e0 7.2173999e0 7.2173999e0
3.6666031e-1 -1.4666681e0 5.2137169e0 5.2137169e0
5.399924e-1 -1.4666681e0 3.2692694e0 3.2692694e0
7.133244e-1 -1.4666681e0 2.0293694e0 2.0293694e0
8.866565e-1 -1.4666681e0 1.7346588e0 1.7346588e0
1.0599886e0 -1.4666681e0 2.199757e0 2.199757e0
1.2333206e0 -1.4666681e0 2.9787079e0 2.9787079e0
1.4066527e0 -1.4666681e0 3.6066592e0 3.6066592e0
1.5799847e0 -1.4666681e0 3.8040062e0 3.8040062e0
1.7533168e0 -1.4666681e0 3.5652394e0 3.5652394e0
1.9266489e0 -1.4666681e0 3.1074005e0 3.1074005e0
2.099981e0 -1.4666681e0 2.7329637e0 2.7329637e0
2.273313e0 -1.4666681e0 2.6717188e0 2.6717188e0
2.446645e0 -1.4666681e0 2.9835413e0 2.9835413e0
2.6199771e0 -1.4666681e0 3.5490254e0 3.5490254e0
2.7933092e0 -1.4666681e0 4.1426756e0 4.1426756e0
2.9666412e0 -1.4666681e0 4.5424342e0 4.5424342e0
3.1399733e0 -1.4666681e0 4.623426e0 4.623426e0
3.3133054e0 -1.4666681e0 4.3980206e0 4.3980206e0
3.4866374e0 -1.4666681e0 3.9920319e0 3.9920319e0
3.6599695e0 -1.4666681e0 3.5775128e0 3.5775128e0
3.8333015e0 -1.4666681e0 3.2969691e0 3.2969691e0
4.0066336e0 -1.4666681e0 3.2115793e0 3.2115793e0
4.1799657e0 -1.4666681e0 3.2928877e0 3.2928877e0
4.3532977e0 -1.4666681e0 3.4523384e0 3.4523384e0
4.5266298e0 -1.4666681e0 3.5911046e0 3.5911046e0
4.6999619e0 -1.4666681e0 3.6445474e0 3.6445474e0

-5.0e-1 -1.3333351e0 2.9728673e0 2.9728673e0
-3.2666794e-1 -1.3333351e0 5.7650507e0 5.7650507e0
-1.5333588e-1 -1.3333351e0 7.5168068e0 7.5168068e0
1.999619e-2 -1.3333351e0 7.7059653e0 7.7059653e0
1.9332825e-1 -1.3333351e0 6.470727e0 6.470727e0
3.6666031e-1 -1.3333351e0 4.4670439e0 4.4670439e0
5.399924e-1 -1.3333351e0 2.5225964e0 2.5225964e0
7.133244e-1 -1.3333351e0 1.2826964e0 1.2826964e0
8.866565e-1 -1.3333351e0 9.879858e-1 9.879858e-1
1.0599886e0 -1.3333351e0 1.453084e0 1.453084e0
1.2333206e0 -1.3333351e0 2.2320349e0 2.2320349e0
1.4066527e0 -1.3333351e0 2.8599863e0 2.8599863e0
1.5799847e0 -1.3333351e0 3.0573332e0 3.0573332e0
1.7533168e0 -1.3333351e0 2.8185664e0 2.8185664e0
1.9266489e0 -1.3333351e0 2.3607275e0 2.3607275e0
2.099981e0 -1.3333351e0 1.9862907e0 1.9862907e0
2.273313e0 -1.3333351e0 1.9250458e0 1.9250458e0
2.446645e0 -1.3333351e0 2.2368683e0 2.2368683e0
2.6199771e0 -1.3333351e0 2.8023524e0 2.8023524e0
2.7933092e0 -1.3333351e0 3.3960027e0 3.3960027e0
2.9666412e0 -1.3333351e0 3.7957613e0 3.7957613e0
3.1399733e0 -1.3333351e0 3.8767531e0 3.8767531e0
3.3133054e0 -1.3333351e0 3.6513477e0 3.6513477e0
3.4866374e0 -1.3333351e0 3.2453589e0 3.2453589e0
3.6599695e0 -1.3333351e0 2.8308398e0 2.8308398e0
3.8333015e0 -1.3333351e0 2.5502962e0 2.5502962e0
4.0066336e0 -1.3333351e0 2.4649063e0 2.4649063e0
4.1799657e0 -1.3333351e0 2.5462148e0 2.5462148e0
4.3532977e0 -1.3333351e0 2.7056654e0 2.7056654e0
4.5266298e0 -1.3333351e0 2.8444316e0 2.8444316e0
4.6999619e0 -1.3333351e0 2.8978745e0 2.8978745e0

-5.0e-1 -1.2000021e0 2.2973137e0 2.2973137e0
-3.2666794e-1 -1.2000021e0 5.089497e0 5.089497e0
-1.5333588e-1 -1.2000021e0 6.8412532e0 6.8412532e0
1.999619e-2 -1.2000021e0 7.0304117e0 7.0304117e0
1.9332825e-1 -1.2000021e0 5.7951733e0 5.7951733e0
3.6666031e-1 -1.2000021e0 3.7914903e0 3.7914903e0
5.399924e-1 -1.2000021e0 1.8470428e0 1.8470428e0
7.133244e-1 -1.2000021e0 6.071428e-1 6.071428e-1
8.866565e-1 -1.2000021e0 3.124323e-1 3.124323e-1
1.0599886e0 -1.2000021e0 7.775304e-1 7.775304e-1
1.2333206e0 -1.2000021e0 1.5564813e0 1.5564813e0
1.4066527e0 -1.2000021e0 2.1844327e0 2.1844327e0
1.5799847e0 -1.2000021e0 2.3817796e0 2.3817796e0
1.7533168e0 -1.2000021e0 2.1430128e0 2.1430128e0
1.9266489e0 -1.2000021e0 1.685174e0 1.685174e0
2.099981e0 -1.2000021e0 1.3107372e0 1.3107372e0
2.273313e0 -1.2000021e0 1.2494922e0 1.2494922e0
2.446645e0 -1.2000021e0 1.5613147e0 1.5613147e0
2.6199771e0 -1.2000021e0 2.1267989e0 2.1267989e0
2.7933092e0 -1.2000021e0 2.720449e0 2.720449e0
2.9666412e0 -1.2000021e0 3.1202077e0 3.1202077e0
3.1399733e0 -1.2000021e0 3.2011995e0 3.2011995e0
3.3133054e0 -1.2000021e0 2.975794e0 2.975794e0
3.4866374e0 -1.2000021e0 2.5698053e0 2.5698053e0
3.6599695e0 -1.2000021e0 2.1552863e0 2.1552863e0
3.8333015e0 -1.2000021e0 1.8747426e0 1.8747426e0
4.0066336e0 -1.2000021e0 1.7893527e0 1.7893527e0
4.1799657e0 -1.2000021e0 1.8706612e0 1.8706612e0
4.3532977e0 -1.2000021e0 2.0301118e0 2.0301118e0
4.5266298e0 -1.2000021e0 2.168878e0 2.168878e0
4.6999619e0 -1.2000021e0 2.2223209e0 2.2223209e0

-5.0e-1 -1.0666692e0 1.6928703e0 1.6928703e0
-3.2666794e-1 -1.0666692e0 4.4850537e0 4.4850537e0
-1.5333588e-1 -1.0666692e0 6.2368098e0 6.2368098e0
1.999619e-2 -1.0666692e0 6.4259683e0 6.4259683e0
1.9332825e-1 -1.0666692e0 5.19073e0 5.19073e0
3.6666031e-1 -1.0666692e0 3.187047e0 3.187047e0
5.399924e-1 -1.0666692e0 1.2425995e0 1.2425995e0
7.133244e-1 -1.0666692e0 2.6994e-3 2.6994e-3
8.866565e-1 -1.0666692e0 -2.920111e-1 -2.920111e-1
1.0599886e0 -1.0666692e0 1.73087e-1 1.73087e-1
1.2333206e0 -1.0666692e0 9.52038e-1 9.52038e-1
1.4066527e0 -1.0666692e0 1.5799893e0 1.5799893e0
1.5799847e0 -1.0666692e0 1.7773363e0 1.7773363e0
1.7533168e0 -1.0666692e0 1.5385695e0 1.5385695e0
1.9266489e0 -1.0666692e0 1.0807306e0 1.0807306e0
2.099981e0 -1.0666692e0 7.062938e-1 7.062938e-1
2.273313e0 -1.0666692e0 6.450488e-1 6.450488e-1
2.446645e0 -1.0666692e0 9.568713e-1 9.568713e-1
2.6199771e0 -1.0666692e0 1.5223555e0 1.5223555e0
2.7933092e0 -1.0666692e0 2.1160057e0 2.1160057e0
2.9666412e0 -1.0666692e0 2.5157643e0 2.5157643e0
3.1399733e0 -1.0666692e0 2.5967561e0 2.5967561e0
3.3133054e0 -1.0666692e0 2.3713507e0 2.3713507e0
3.4866374e0 -1.0666692e0 1.965362e0 1.965362e0
3.6599695e0 -1.0666692e0 1.5508429e0 1.5508429e0
3.8333015e0 -1.0666692e0 1.2702992e0 1.2702992e0
4.0066336e0 -1.0666692e0 1.1849094e0 1.1849094e0
4.1799657e0 -1.0666692e0 1.2662178e0 1.2662178e0
4.3532977e0 -1.0666692e0 1.4256685e0 1.4256685e0
4.5266298e0 -1.0666692e0 1.5644347e0 1.5644347e0
4.6999619e0 -1.0666692e0 1.6178775e0 1.6178775e0

-5.0e-1 -9.333362e-1 1.159539e0 1.159539e0
-3.2666794e-1 -9.333362e-1 3.9517224e0 3.9517224e0
-1.5333588e-1 -9.333362e-1 5.7034785e0 5.7034785e0
1.999619e-2 -9.333362e-1 5.892637e0 5.892637e0
1.9332825e-1 -9.333362e-1 4.6573987e0 4.6573987e0
3.6666031e-1 -9.333362e-1 2.6537157e0 2.6537157e0
5.399924e-1 -9.333362e-1 7.092682e-1 7.092682e-1
7.133244e-1 -9.333362e-1 -5.306319e-1 -5.306319e-1
8.866565e-1 -9.333362e-1 -8.253424e-1 -8.253424e-1
1.0599886e0 -9.333362e-1 -3.602443e-1 -3.602443e-1
1.2333206e0 -9.333362e-1 4.187067e-1 4.187067e-1
1.4066527e0 -9.333362e-1 1.046658e0 1.046658e0
1.5799847e0 -9.333362e-1 1.244005e0 1.244005e0
1.7533168e0 -9.333362e-1 1.0052382e0 1.0052382e0
1.9266489e0 -9.333362e-1 5.473993e-1 5.473993e-1
2.099981e0 -9.333362e-1 1.729625e-1 1.729625e-1
2.273313e0 -9.333362e-1 1.117175e-1 1.117175e-1
2.446645e0 -9.333362e-1 4.2354e-1 4.2354e-1
2.6199771e0 -9.333362e-1 9.890242e-1 9.890242e-1
2.7933092e0 -9.333362e-1 1.5826744e0 1.5826744e0
2.9666412e0 -9.333362e-1 1.982433e0 1.982433e0
3.1399733e0 -9.333362e-1 2.0634248e0 2.0634248e0
3.3133054e0 -9.333362e-1 1.8380194e0 1.8380194e0
3.4866374e0 -9.333362e-1 1.4320306e0 1.4320306e0
3.6599695e0 -9.333362e-1 1.0175116e0 1.0175116e0
3.8333015e0 -9.333362e-1 7.36968e-1 7.36968e-1
4.0066336e0 -9.333362e-1 6.51578e-1 6.51578e-1
4.1799657e0 -9.333362e-1 7.328865e-1 7.328865e-1
4.3532977e0 -9.333362e-1 8.923372e-1 8.923372e-1
4.5266298e0 -9.333362e-1 1.0311034e0 1.0311034e0
4.6999619e0 -9.333362e-1 1.0845462e0 1.0845462e0

-5.0e-1 -8.000032e-1 6.973161e-1 6.973161e-1
-3.2666794e-1 -8.000032e-1 3.4894995e0 3.4894995e0
-1.5333588e-1 -8.000032e-1 5.2412556e0 5.2412556e0
1.999619e-2 -8.000032e-1 5.4304141e0 5.4304141e0
1.9332825e-1 -8.000032e-1 4.1951758e0 4.1951758e0
3.6666031e-1 -8.000032e-1 2.1914928e0 2.1914928e0
5.399924e-1 -8.000032e-1 2.470453e-1 2.470453e-1
7.133244e-1 -8.000032e-1 -9.928548e-1 -9.928548e-1
8.866565e-1 -8.000032e-1 -1.2875653e0 -1.2875653e0
1.0599886e0 -8.000032e-1 -8.224672e-1 -8.224672e-1
1.2333206e0 -8.000032e-1 -4.35162e-2 -4.35162e-2
1.4066527e0 -8.000032e-1 5.844351e-1 5.844351e-1
1.5799847e0 -8.000032e-1 7.81782e-1 7.81782e-1
1.7533168e0 -8.000032e-1 5.430153e-1 5.430153e-1
1.9266489e0 -8.000032e-1 8.51764e-2 8.51764e-2
2.099981e0 -8.000032e-1 -2.892604e-1 -2.892604e-1
2.273313e0 -8.000032e-1 -3.505054e-1 -3.505054e-1
2.446645e0 -8.000032e-1 -3.86829e-2 -3.86829e-2
2.6199771e0 -8.000032e-1 5.268013e-1 5.268013e-1
2.7933092e0 -8.000032e-1 1.1204515e0 1.1204515e0
2.9666412e0 -8.000032e-1 1.5202101e0 1.5202101e0
3.1399733e0 -8.000032e-1 1.601202e0 1.601202e0
3.3133054e0 -8.000032e-1 1.3757965e0 1.3757965e0
3.4866374e0 -8.000032e-1 9.698077e-1 9.698077e-1
3.6599695e0 -8.000032e-1 5.552887e-1 5.552887e-1
3.8333015e0 -8.000032e-1 2.74745e-1 2.74745e-1
4.0066336e0 -8.000032e-1 1.893552e-1 1.893552e-1
4.1799657e0 -8.000032e-1 2.706636e-1 2.706636e-1
4.3532977e0 -8.000032e-1 4.301143e-1 4.301143e-1
4.5266298e0 -8.000032e-1 5.688805e-1 5.688805e-1
4.6999619e0 -8.000032e-1 6.223233e-1 6.223233e-1

-5.0e-1 -6.666702e-1 3.0620464e-1 3.0620464e-1
-3.2666794e-1 -6.666702e-1 3.098388e0 3.098388e0
-1.5333588e-1 -6.666702e-1 4.8501442e0 4.8501442e0
1.999619e-2 -6.666702e-1 5.0393027e0 5.0393027e0
1.9332825e-1 -6.666702e-1 3.8040643e0 3.8040643e0
3.6666031e-1 -6.666702e-1 1.80038132e0 1.80038132e0
5.399924e-1 -6.666702e-1 -1.440662e-1 -1.440662e-1
7.133244e-1 -6.666702e-1 -1.3839662e0 -1.3839662e0
8.866565e-1 -6.666702e-1 -1.6786768e0 -1.6786768e0
1.0599886e0 -6.666702e-1 -1.2135786e0 -1.2135786e0
1.2333206e0 -6.666702e-1 -4.346277e-1 -4.346277e-1
1.4066527e0 -6.666702e-1 1.9332355e-1 1.9332355e-1
1.5799847e0 -6.666702e-1 3.9067053e-1 3.9067053e-1
1.7533168e0 -6.666702e-1 1.5190384e-1 1.5190384e-1
1.9266489e0 -6.666702e-1 -3.05935e-1 -3.05935e-1
2.099981e0 -6.666702e-1 -6.803719e-1 -6.803719e-1
2.273313e0 -6.666702e-1 -7.416168e-1 -7.416168e-1
2.446645e0 -6.666702e-1 -4.297943e-1 -4.297943e-1
2.6199771e0 -6.666702e-1 1.3568971e-1 1.3568971e-1
2.7933092e0 -6.666702e-1 7.2934e-1 7.2934e-1
2.9666412e0 -6.666702e-1 1.1290987e0 1.1290987e0
3.1399733e0 -6.666702e-1 1.21009062e0 1.21009062e0
3.3133054e0 -6.666702e-1 9.846851e-1 9.846851e-1
3.4866374e0 -6.666702e-1 5.7869617e-1 5.7869617e-1
3.6599695e0 -6.666702e-1 1.6417711e-1 1.6417711e-1
3.8333015e0 -6.666702e-1 -1.163664e-1 -1.163664e-1
4.0066336e0 -6.666702e-1 -2.017563e-1 -2.017563e-1
4.1799657e0 -6.666702e-1 -1.204478e-1 -1.204478e-1
4.3532977e0 -6.666702e-1 3.900284e-2 3.900284e-2
4.5266298e0 -6.666702e-1 1.7776889e-1 1.7776889e-1
4.6999619e0 -6.666702e-1 2.3121185e-1 2.3121185e-1

-5.0e-1 -5.333372e-1 -1.379597e-2 -1.379597e-2
-3.2666794e-1 -5.333372e-1 2.7783875e0 2.7783875e0
-1.5333588e-1 -5.333372e-1 4.5301436e0 4.5301436e0
1.999619e-2 -5.333372e-1 4.719302e0 4.719302e0
1.9332825e-1 -5.333372e-1 3.4840637e0 3.4840637e0
3.6666031e-1 -5.333372e-1 1.4803807e0 1.4803807e0
5.399924e-1 -5.333372e-1 -4.640668e-1 -4.640668e-1
7.133244e-1 -5.333372e-1 -1.7039668e0 -1.7039668e0
8.866565e-1 -5.333372e-1 -1.9986774e0 -1.9986774e0
1.0599886e0 -5.333372e-1 -1.5335793e0 -1.5335793e0
1.2333206e0 -5.333372e-1 -7.546283e-1 -7.546283e-1
1.4066527e0 -5.333372e-1 -1.2667706e-1 -1.2667706e-1
1.5799847e0 -5.333372e-1 7.066992e-2 7.066992e-2
1.7533168e0 -5.333372e-1 -1.6809677e-1 -1.6809677e-1
1.9266489e0 -5.333372e-1 -6.259357e-1 -6.259357e-1
2.099981e0 -5.333372e-1 -1.0003725e0 -1.0003725e0
2.273313e0 -5.333372e-1 -1.0616174e0 -1.0616174e0
2.446645e0 -5.333372e-1 -7.497949e-1 -7.497949e-1
2.6199771e0 -5.333372e-1 -1.843109e-1 -1.843109e-1
2.7933092e0 -5.333372e-1 4.0933939e-1 4.0933939e-1
2.9666412e0 -5.333372e-1 8.0909808e-1 8.0909808e-1
3.1399733e0 -5.333372e-1 8.9009001e-1 8.9009001e-1
3.3133054e0 -5.333372e-1 6.646845e-1 6.646845e-1
3.4866374e0 -5.333372e-1 2.5869556e-1 2.5869556e-1
3.6599695e0 -5.333372e-1 -1.558235e-1 -1.558235e-1
3.8333015e0 -5.333372e-1 -4.36367e-1 -4.36367e-1
4.0066336e0 -5.333372e-1 -5.217569e-1 -5.217569e-1
4.1799657e0 -5.333372e-1 -4.404485e-1 -4.404485e-1
4.3532977e0 -5.333372e-1 -2.8099777e-1 -2.8099777e-1
4.5266298e0 -5.333372e-1 -1.4223172e-1 -1.4223172e-1
4.6999619e0 -5.333372e-1 -8.878876e-2 -8.878876e-2

-5.0e-1 -4.000043e-1 -2.6268684e-1 -2.6268684e-1
-3.2666794e-1 -4.000043e-1 2.5294965e0 2.5294965e0
-1.5333588e-1 -4.000043e-1 4.2812526e0 4.2812526e0
1.999619e-2 -4.000043e-1 4.470411e0 4.470411e0
1.9332825e-1 -4.000043e-1 3.2351727e0 3.2351727e0
3.6666031e-1 -4.000043e-1 1.23148984e0 1.23148984e0
5.399924e-1 -4.000043e-1 -7.129578e-1 -7.129578e-1
7.133244e-1 -4.000043e-1 -1.9528578e0 -1.9528578e0
8.866565e-1 -4.000043e-1 -2.2475684e0 -2.2475684e0
1.0599886e0 -4.000043e-1 -1.7824702e0 -1.7824702e0
1.2333206e0 -4.000043e-1 -1.0035193e0 -1.0035193e0
1.4066527e0 -4.000043e-1 -3.7556793e-1 -3.7556793e-1
1.5799847e0 -4.000043e-1 -1.7822095e-1 -1.7822095e-1
1.7533168e0 -4.000043e-1 -4.1698764e-1 -4.1698764e-1
1.9266489e0 -4.000043e-1 -8.748267e-1 -8.748267e-1
2.099981e0 -4.000043e-1 -1.2492635e0 -1.2492635e0
2.273313e0 -4.000043e-1 -1.3105084e0 -1.3105084e0
2.446645e0 -4.000043e-1 -9.986859e-1 -9.986859e-1
2.6199771e0 -4.000043e-1 -4.3320177e-1 -4.3320177e-1
2.7933092e0 -4.000043e-1 1.6044852e-1 1.6044852e-1
2.9666412e0 -4.000043e-1 5.6020721e-1 5.6020721e-1
3.1399733e0 -4.000043e-1 6.4119914e-1 6.4119914e-1
3.3133054e0 -4.000043e-1 4.1579362e-1 4.1579362e-1
3.4866374e0 -4.000043e-1 9.80469e-3 9.80469e-3
3.6599695e0 -4.000043e-1 -4.0471437e-1 -4.0471437e-1
3.8333015e0 -4.000043e-1 -6.85258e-1 -6.85258e-1
4.0066336e0 -4.000043e-1 -7.706479e-1 -7.706479e-1
4.1799657e0 -4.000043e-1 -6.893394e-1 -6.893394e-1
4.3532977e0 -4.000043e-1 -5.2988864e-1 -5.2988864e-1
4.5266298e0 -4.000043e-1 -3.9112259e-1 -3.9112259e-1
4.6999619e0 -4.000043e-1 -3.3767963e-1 -3.3767963e-1

-5.0e-1 -2.666713e-1 -4.4046645e-1 -4.4046645e-1
-3.2666794e-1 -2.666713e-1 2.3517169e0 2.3517169e0
-1.5333588e-1 -2.666713e-1 4.103473e0 4.103473e0
1.999619e-2 -2.666713e-1 4.2926315e0 4.2926315e0
1.9332825e-1 -2.666713e-1 3.0573932e0 3.0573932e0
3.6666031e-1 -2.666713e-1 1.05371024e0 1.05371024e0
5.399924e-1 -2.666713e-1 -8.907373e-1 -8.907373e-1
7.133244e-1 -2.666713e-1 -2.1306374e0 -2.1306374e0
8.866565e-1 -2.666713e-1 -2.4253479e0 -2.4253479e0
1.0599886e0 -2.666713e-1 -1.9602498e0 -1.9602498e0
1.2333206e0 -2.666713e-1 -1.1812988e0 -1.1812988e0
1.4066527e0 -2.666713e-1 -5.5334753e-1 -5.5334753e-1
1.5799847e0 -2.666713e-1 -3.5600055e-1 -3.5600055e-1
1.7533168e0 -2.666713e-1 -5.9476724e-1 -5.9476724e-1
1.9266489e0 -2.666713e-1 -1.0526062e0 -1.0526062e0
2.099981e0 -2.666713e-1 -1.427043e0 -1.427043e0
2.273313e0 -2.666713e-1 -1.488288e0 -1.488288e0
2.446645e0 -2.666713e-1 -1.1764655e0 -1.1764655e0
2.6199771e0 -2.666713e-1 -6.1098137e-1 -6.1098137e-1
2.7933092e0 -2.666713e-1 -1.733109e-2 -1.733109e-2
2.9666412e0 -2.666713e-1 3.8242761e-1 3.8242761e-1
3.1399733e0 -2.666713e-1 4.6341954e-1 4.6341954e-1
3.3133054e0 -2.666713e-1 2.3801402e-1 2.3801402e-1
3.4866374e0 -2.666713e-1 -1.6797491e-1 -1.6797491e-1
3.6599695e0 -2.666713e-1 -5.8249397e-1 -5.8249397e-1
3.8333015e0 -2.666713e-1 -8.630376e-1 -8.630376e-1
4.0066336e0 -2.666713e-1 -9.484274e-1 -9.484274e-1
4.1799657e0 -2.666713e-1 -8.67119e-1 -8.67119e-1
4.3532977e0 -2.666713e-1 -7.0766824e-1 -7.0766824e-1
4.5266298e0 -2.666713e-1 -5.6890219e-1 -5.6890219e-1
4.6999619e0 -2.666713e-1 -5.1545923e-1 -5.1545923e-1

-5.0e-1 -1.333383e-1 -5.4713547e-1 -5.4713547e-1
-3.2666794e-1 -1.333383e-1 2.2450479e0 2.2450479e0
-1.5333588e-1 -1.333383e-1 3.996804e0 3.996804e0
1.999619e-2 -1.333383e-1 4.1859625e0 4.1859625e0
1.9332825e-1 -1.333383e-1 2.9507242e0 2.9507242e0
3.6666031e-1 -1.333383e-1 9.4704121e-1 9.4704121e-1
5.399924e-1 -1.333383e-1 -9.974063e-1 -9.974063e-1
7.133244e-1 -1.333383e-1 -2.2373064e0 -2.2373064e0
8.866565e-1 -1.333383e-1 -2.5320169e0 -2.5320169e0
1.0599886e0 -1.333383e-1 -2.0669188e0 -2.0669188e0
1.2333206e0 -1.333383e-1 -1.2879678e0 -1.2879678e0
1.4066527e0 -1.333383e-1 -6.6001656e-1 -6.6001656e-1
1.5799847e0 -1.333383e-1 -4.6266957e-1 -4.6266957e-1
1.7533168e0 -1.333383e-1 -7.0143626e-1 -7.0143626e-1
1.9266489e0 -1.333383e-1 -1.1592752e0 -1.1592752e0
2.099981e0 -1.333383e-1 -1.533712e0 -1.533712e0
2.273313e0 -1.333383e-1 -1.594957e0 -1.594957e0
2.446645e0 -1.333383e-1 -1.2831345e0 -1.2831345e0
2.6199771e0 -1.333383e-1 -7.1765039e-1 -7.1765039e-1
2.7933092e0 -1.333383e-1 -1.240001e-1 -1.240001e-1
2.9666412e0 -1.333383e-1 2.7575859e-1 2.7575859e-1
3.1399733e0 -1.333383e-1 3.5675052e-1 3.5675052e-1
3.3133054e0 -1.333383e-1 1.31345006e-1 1.31345006e-1
3.4866374e0 -1.333383e-1 -2.7464394e-1 -2.7464394e-1
3.6599695e0 -1.333383e-1 -6.89163e-1 -6.89163e-1
3.8333015e0 -1.333383e-1 -9.697066e-1 -9.697066e-1
4.0066336e0 -1.333383e-1 -1.0550964e0 -1.0550964e0
4.1799657e0 -1.333383e-1 -9.73788e-1 -9.73788e-1
4.3532977e0 -1.333383e-1 -8.1433727e-1 -8.1433727e-1
4.5266298e0 -1.333383e-1 -6.7557121e-1 -6.7557121e-1
4.6999619e0 -1.333383e-1 -6.2212825e-1 -6.2212825e-1

-5.0e-1 -5.3e-6 -5.8269368e-1 -5.8269368e-1
-3.2666794e-1 -5.3e-6 2.2094897e0 2.2094897e0
-1.5333588e-1 -5.3e-6 3.9612459e0 3.9612459e0
1.999619e-2 -5.3e-6 4.1504044e0 4.1504044e0
1.9332825e-1 -5.3e-6 2.915166e0 2.915166e0
3.6666031e-1 -5.3e-6 9.11483e-1 9.11483e-1
5.399924e-1 -5.3e-6 -1.0329645e0 -1.0329645e0
7.133244e-1 -5.3e-6 -2.2728645e0 -2.2728645e0
8.866565e-1 -5.3e-6 -2.567575e0 -2.567575e0
1.0599886e0 -5.3e-6 -2.102477e0 -2.102477e0
1.2333206e0 -5.3e-6 -1.323526e0 -1.323526e0
1.4066527e0 -5.3e-6 -6.9557477e-1 -6.9557477e-1
1.5799847e0 -5.3e-6 -4.9822778e-1 -4.9822778e-1
1.7533168e0 -5.3e-6 -7.3699448e-1 -7.3699448e-1
1.9266489e0 -5.3e-6 -1.1948334e0 -1.1948334e0
2.099981e0 -5.3e-6 -1.5692702e0 -1.5692702e0
2.273313e0 -5.3e-6 -1.6305151e0 -1.6305151e0
2.446645e0 -5.3e-6 -1.3186926e0 -1.3186926e0
2.6199771e0 -5.3e-6 -7.532086e-1 -7.532086e-1
2.7933092e0 -5.3e-6 -1.5955832e-1 -1.5955832e-1
2.9666412e0 -5.3e-6 2.4020038e-1 2.4020038e-1
3.1399733e0 -5.3e-6 3.211923e-1 3.211923e-1
3.3133054e0 -5.3e-6 9.578679e-2 9.578679e-2
3.4866374e0 -5.3e-6 -3.1020215e-1 -3.1020215e-1
3.6599695e0 -5.3e-6 -7.247212e-1 -7.247212e-1
3.8333015e0 -5.3e-6 -1.0052647e0 -1.0052647e0
4.0066336e0 -5.3e-6 -1.0906546e0 -1.0906546e0
4.1799657e0 -5.3e-6 -1.0093462e0 -1.0093462e0
4.3532977e0 -5.3e-6 -8.4989548e-1 -8.4989548e-1
4.5266298e0 -5.3e-6 -7.1112943e-1 -7.1112943e-1
4.6999619e0 -5.3e-6 -6.5768646e-1 -6.5768646e-1

-5.0e-1 1.333276e-1 -5.4714117e-1 -5.4714117e-1
-3.2666794e-1 1.333276e-1 2.2450421e0 2.2450421e0
-1.5333588e-1 1.333276e-1 3.9967982e0 3.9967982e0
1.999619e-2 1.333276e-1 4.1859567e0 4.1859567e0
1.9332825e-1 1.333276e-1 2.9507184e0 2.9507184e0
3.6666031e-1 1.333276e-1 9.470355e-1 9.470355e-1
5.399924e-1 1.333276e-1 -9.974121e-1 -9.974121e-1
7.133244e-1 1.333276e-1 -2.2373122e0 -2.2373122e0
8.866565e-1 1.333276e-1 -2.5320227e0 -2.5320227e0
1.0599886e0 1.333276e-1 -2.0669246e0 -2.0669246e0
1.2333206e0 1.333276e-1 -1.2879736e0 -1.2879736e0
1.4066527e0 1.333276e-1 -6.6002226e-1 -6.6002226e-1
1.5799847e0 1.333276e-1 -4.6267528e-1 -4.6267528e-1
1.7533168e0 1.333276e-1 -7.0144197e-1 -7.0144197e-1
1.9266489e0 1.333276e-1 -1.159281e0 -1.159281e0
2.099981e0 1.333276e-1 -1.5337178e0 -1.5337178e0
2.273313e0 1.333276e-1 -1.5949628e0 -1.5949628e0
2.446645e0 1.333276e-1 -1.2831403e0 -1.2831403e0
2.6199771e0 1.333276e-1 -7.176561e-1 -7.176561e-1
2.7933092e0 1.333276e-1 -1.2400581e-1 -1.2400581e-1
2.9666412e0 1.333276e-1 2.7575288e-1 2.7575288e-1
3.1399733e0 1.333276e-1 3.5674481e-1 3.5674481e-1
3.3133054e0 1.333276e-1 1.31339305e-1 1.31339305e-1
3.4866374e0 1.333276e-1 -2.7464964e-1 -2.7464964e-1
3.6599695e0 1.333276e-1 -6.891687e-1 -6.891687e-1
3.8333015e0 1.333276e-1 -9.697124e-1 -9.697124e-1
4.0066336e0 1.333276e-1 -1.0551022e0 -1.0551022e0
4.1799657e0 1.333276e-1 -9.737938e-1 -9.737938e-1
4.3532977e0 1.333276e-1 -8.1434297e-1 -8.1434297e-1
4.5266298e0 1.333276e-1 -6.7557692e-1 -6.7557692e-1
4.6999619e0 1.333276e-1 -6.2213396e-1 -6.2213396e-1

-5.0e-1 2.666606e-1 -4.4047798e-1 -4.4047798e-1
-3.2666794e-1 2.666606e-1 2.3517053e0 2.3517053e0
-1.5333588e-1 2.666606e-1 4.1034615e0 4.1034615e0
1.999619e-2 2.666606e-1 4.29262e0 4.29262e0
1.9332825e-1 2.666606e-1 3.0573816e0 3.0573816e0
3.6666031e-1 2.666606e-1 1.0536987e0 1.0536987e0
5.399924e-1 2.666606e-1 -8.907489e-1 -8.907489e-1
7.133244e-1 2.666606e-1 -2.130649e0 -2.130649e0
8.866565e-1 2.666606e-1 -2.4253595e0 -2.4253595e0
1.0599886e0 2.666606e-1 -1.9602614e0 -1.9602614e0
1.2333206e0 2.666606e-1 -1.1813104e0 -1.1813104e0
1.4066527e0 2.666606e-1 -5.5335907e-1 -5.5335907e-1
1.5799847e0 2.666606e-1 -3.5601208e-1 -3.5601208e-1
1.7533168e0 2.666606e-1 -5.9477878e-1 -5.9477878e-1
1.9266489e0 2.666606e-1 -1.0526178e0 -1.0526178e0
2.099981e0 2.666606e-1 -1.4270546e0 -1.4270546e0
2.273313e0 2.666606e-1 -1.4882996e0 -1.4882996e0
2.446645e0 2.666606e-1 -1.176477e0 -1.176477e0
2.6199771e0 2.666606e-1 -6.109929e-1 -6.109929e-1
2.7933092e0 2.666606e-1 -1.734262e-2 -1.734262e-2
2.9666412e0 2.666606e-1 3.8241608e-1 3.8241608e-1
3.1399733e0 2.666606e-1 4.63408e-1 4.63408e-1
3.3133054e0 2.666606e-1 2.3800249e-1 2.3800249e-1
3.4866374e0 2.666606e-1 -1.6798645e-1 -1.6798645e-1
3.6599695e0 2.666606e-1 -5.8250551e-1 -5.8250551e-1
3.8333015e0 2.666606e-1 -8.630492e-1 -8.630492e-1
4.0066336e0 2.666606e-1 -9.48439e-1 -9.48439e-1
4.1799657e0 2.666606e-1 -8.671306e-1 -8.671306e-1
4.3532977e0 2.666606e-1 -7.0767978e-1 -7.0767978e-1
4.5266298e0 2.666606e-1 -5.6891373e-1 -5.6891373e-1
4.6999619e0 2.666606e-1 -5.1547076e-1 -5.1547076e-1

-5.0e-1 3.999936e-1 -2.6270393e-1 -2.6270393e-1
-3.2666794e-1 3.999936e-1 2.5294794e0 2.5294794e0
-1.5333588e-1 3.999936e-1 4.2812355e0 4.2812355e0
1.999619e-2 3.999936e-1 4.470394e0 4.470394e0
1.9332825e-1 3.999936e-1 3.2351556e0 3.2351556e0
3.6666031e-1 3.999936e-1 1.23147275e0 1.23147275e0
5.399924e-1 3.999936e-1 -7.129749e-1 -7.129749e-1
7.133244e-1 3.999936e-1 -1.9528749e0 -1.9528749e0
8.866565e-1 3.999936e-1 -2.2475854e0 -2.2475854e0
1.0599886e0 3.999936e-1 -1.7824873e0 -1.7824873e0
1.2333206e0 3.999936e-1 -1.0035364e0 -1.0035364e0
1.4066527e0 3.999936e-1 -3.7558502e-1 -3.7558502e-1
1.5799847e0 3.999936e-1 -1.7823804e-1 -1.7823804e-1
1.7533168e0 3.999936e-1 -4.1700473e-1 -4.1700473e-1
1.9266489e0 3.999936e-1 -8.748438e-1 -8.748438e-1
2.099981e0 3.999936e-1 -1.2492805e0 -1.2492805e0
2.273313e0 3.999936e-1 -1.3105255e0 -1.3105255e0
2.446645e0 3.999936e-1 -9.98703e-1 -9.98703e-1
2.6199771e0 3.999936e-1 -4.3321886e-1 -4.3321886e-1
2.7933092e0 3.999936e-1 1.6043143e-1 1.6043143e-1
2.9666412e0 3.999936e-1 5.6019012e-1 5.6019012e-1
3.1399733e0 3.999936e-1 6.4118205e-1 6.4118205e-1
3.3133054e0 3.999936e-1 4.1577654e-1 4.1577654e-1
3.4866374e0 3.999936e-1 9.7876e-3 9.7876e-3
3.6599695e0 3.999936e-1 -4.0473146e-1 -4.0473146e-1
3.8333015e0 3.999936e-1 -6.852751e-1 -6.852751e-1
4.0066336e0 3.999936e-1 -7.70665e-1 -7.70665e-1
4.1799657e0 3.999936e-1 -6.893565e-1 -6.893565e-1
4.3532977e0 3.999936e-1 -5.2990573e-1 -5.2990573e-1
4.5266298e0 3.999936e-1 -3.9113968e-1 -3.9113968e-1
4.6999619e0 3.999936e-1 -3.3769672e-1 -3.3769672e-1

-5.0e-1 5.333266e-1 -1.381917e-2 -1.381917e-2
-3.2666794e-1 5.333266e-1 2.7783643e0 2.7783643e0
-1.5333588e-1 5.333266e-1 4.5301204e0 4.5301204e0
1.999619e-2 5.333266e-1 4.7192789e0 4.7192789e0
1.9332825e-1 5.333266e-1 3.4840405e0 3.4840405e0
3.6666031e-1 5.333266e-1 1.48035751e0 1.48035751e0
5.399924e-1 5.333266e-1 -4.6409e-1 -4.6409e-1
7.133244e-1 5.333266e-1 -1.70399e0 -1.70399e0
8.866565e-1 5.333266e-1 -1.9987006e0 -1.9987006e0
1.0599886e0 5.333266e-1 -1.5336024e0 -1.5336024e0
1.2333206e0 5.333266e-1 -7.546515e-1 -7.546515e-1
1.4066527e0 5.333266e-1 -1.2670026e-1 -1.2670026e-1
1.5799847e0 5.333266e-1 7.064673e-2 7.064673e-2
1.7533168e0 5.333266e-1 -1.6811996e-1 -1.6811996e-1
1.9266489e0 5.333266e-1 -6.259589e-1 -6.259589e-1
2.099981e0 5.333266e-1 -1.0003957e0 -1.0003957e0
2.273313e0 5.333266e-1 -1.0616406e0 -1.0616406e0
2.446645e0 5.333266e-1 -7.498181e-1 -7.498181e-1
2.6199771e0 5.333266e-1 -1.8433409e-1 -1.8433409e-1
2.7933092e0 5.333266e-1 4.093162e-1 4.093162e-1
2.9666412e0 5.333266e-1 8.0907489e-1 8.0907489e-1
3.1399733e0 5.333266e-1 8.9006682e-1 8.9006682e-1
3.3133054e0 5.333266e-1 6.646613e-1 6.646613e-1
3.4866374e0 5.333266e-1 2.5867236e-1 2.5867236e-1
3.6599695e0 5.333266e-1 -1.558467e-1 -1.558467e-1
3.8333015e0 5.333266e-1 -4.363902e-1 -4.363902e-1
4.0066336e0 5.333266e-1 -5.217801e-1 -5.217801e-1
4.1799657e0 5.333266e-1 -4.404716e-1 -4.404716e-1
4.3532977e0 5.333266e-1 -2.8102097e-1 -2.8102097e-1
4.5266298e0 5.333266e-1 -1.4225491e-1 -1.4225491e-1
4.6999619e0 5.333266e-1 -8.881195e-2 -8.881195e-2

-5.0e-1 6.666595e-1 3.0617595e-1 3.0617595e-1
-3.2666794e-1 6.666595e-1 3.0983594e0 3.0983594e0
-1.5333588e-1 6.666595e-1 4.8501155e0 4.8501155e0
1.999619e-2 6.666595e-1 5.039274e0 5.039274e0
1.9332825e-1 6.666595e-1 3.8040356e0 3.8040356e0
3.6666031e-1 6.666595e-1 1.80035263e0 1.80035263e0
5.399924e-1 6.666595e-1 -1.440948e-1 -1.440948e-1
7.133244e-1 6.666595e-1 -1.3839949e0 -1.3839949e0
8.866565e-1 6.666595e-1 -1.6787054e0 -1.6787054e0
1.0599886e0 6.666595e-1 -1.2136073e0 -1.2136073e0
1.2333206e0 6.666595e-1 -4.346564e-1 -4.346564e-1
1.4066527e0 6.666595e-1 1.9329486e-1 1.9329486e-1
1.5799847e0 6.666595e-1 3.9064185e-1 3.9064185e-1
1.7533168e0 6.666595e-1 1.5187515e-1 1.5187515e-1
1.9266489e0 6.666595e-1 -3.059637e-1 -3.059637e-1
2.099981e0 6.666595e-1 -6.804005e-1 -6.804005e-1
2.273313e0 6.666595e-1 -7.416455e-1 -7.416455e-1
2.446645e0 6.666595e-1 -4.29823e-1 -4.29823e-1
2.6199771e0 6.666595e-1 1.3566103e-1 1.3566103e-1
2.7933092e0 6.666595e-1 7.2931131e-1 7.2931131e-1
2.9666412e0 6.666595e-1 1.12907e0 1.12907e0
3.1399733e0 6.666595e-1 1.21006194e0 1.21006194e0
3.3133054e0 6.666595e-1 9.8465642e-1 9.8465642e-1
3.4866374e0 6.666595e-1 5.7866748e-1 5.7866748e-1
3.6599695e0 6.666595e-1 1.6414842e-1 1.6414842e-1
3.8333015e0 6.666595e-1 -1.163951e-1 -1.163951e-1
4.0066336e0 6.666595e-1 -2.01785e-1 -2.01785e-1
4.1799657e0 6.666595e-1 -1.204765e-1 -1.204765e-1
4.3532977e0 6.666595e-1 3.897415e-2 3.897415e-2
4.5266298e0 6.666595e-1 1.777402e-1 1.777402e-1
4.6999619e0 6.666595e-1 2.3118317e-1 2.3118317e-1

-5.0e-1 7.999925e-1 6.972826e-1 6.972826e-1
-3.2666794e-1 7.999925e-1 3.489466e0 3.489466e0
-1.5333588e-1 7.999925e-1 5.2412221e0 5.2412221e0
1.999619e-2 7.999925e-1 5.4303806e0 5.4303806e0
1.9332825e-1 7.999925e-1 4.1951422e0 4.1951422e0
3.6666031e-1 7.999925e-1 2.1914592e0 2.1914592e0
5.399924e-1 7.999925e-1 2.470117e-1 2.470117e-1
7.133244e-1 7.999925e-1 -9.928883e-1 -9.928883e-1
8.866565e-1 7.999925e-1 -1.2875989e0 -1.2875989e0
1.0599886e0 7.999925e-1 -8.225008e-1 -8.225008e-1
1.2333206e0 7.999925e-1 -4.35498e-2 -4.35498e-2
1.4066527e0 7.999925e-1 5.844016e-1 5.844016e-1
1.5799847e0 7.999925e-1 7.817485e-1 7.817485e-1
1.7533168e0 7.999925e-1 5.429817e-1 5.429817e-1
1.9266489e0 7.999925e-1 8.51428e-2 8.51428e-2
2.099981e0 7.999925e-1 -2.89294e-1 -2.89294e-1
2.273313e0 7.999925e-1 -3.50539e-1 -3.50539e-1
2.446645e0 7.999925e-1 -3.87164e-2 -3.87164e-2
2.6199771e0 7.999925e-1 5.267677e-1 5.267677e-1
2.7933092e0 7.999925e-1 1.120418e0 1.120418e0
2.9666412e0 7.999925e-1 1.5201765e0 1.5201765e0
3.1399733e0 7.999925e-1 1.6011684e0 1.6011684e0
3.3133054e0 7.999925e-1 1.375763e0 1.375763e0
3.4866374e0 7.999925e-1 9.697742e-1 9.697742e-1
3.6599695e0 7.999925e-1 5.552551e-1 5.552551e-1
3.8333015e0 7.999925e-1 2.747115e-1 2.747115e-1
4.0066336e0 7.999925e-1 1.893216e-1 1.893216e-1
4.1799657e0 7.999925e-1 2.7063e-1 2.7063e-1
4.3532977e0 7.999925e-1 4.300807e-1 4.300807e-1
4.5266298e0 7.999925e-1 5.688469e-1 5.688469e-1
4.6999619e0 7.999925e-1 6.222897e-1 6.222897e-1

-5.0e-1 9.333255e-1 1.1594994e0 1.1594994e0
-3.2666794e-1 9.333255e-1 3.9516827e0 3.9516827e0
-1.5333588e-1 9.333255e-1 5.7034389e0 5.7034389e0
1.999619e-2 9.333255e-1 5.8925974e0 5.8925974e0
1.9332825e-1 9.333255e-1 4.657359e0 4.657359e0
3.6666031e-1 9.333255e-1 2.653676e0 2.653676e0
5.399924e-1 9.333255e-1 7.092285e-1 7.092285e-1
7.133244e-1 9.333255e-1 -5.306715e-1 -5.306715e-1
8.866565e-1 9.333255e-1 -8.253821e-1 -8.253821e-1
1.0599886e0 9.333255e-1 -3.60284e-1 -3.60284e-1
1.2333206e0 9.333255e-1 4.18667e-1 4.18667e-1
1.4066527e0 9.333255e-1 1.0466183e0 1.0466183e0
1.5799847e0 9.333255e-1 1.2439653e0 1.2439653e0
1.7533168e0 9.333255e-1 1.0051985e0 1.0051985e0
1.9266489e0 9.333255e-1 5.473596e-1 5.473596e-1
2.099981e0 9.333255e-1 1.729228e-1 1.729228e-1
2.273313e0 9.333255e-1 1.116779e-1 1.116779e-1
2.446645e0 9.333255e-1 4.235004e-1 4.235004e-1
2.6199771e0 9.333255e-1 9.889845e-1 9.889845e-1
2.7933092e0 9.333255e-1 1.5826347e0 1.5826347e0
2.9666412e0 9.333255e-1 1.9823933e0 1.9823933e0
3.1399733e0 9.333255e-1 2.0633852e0 2.0633852e0
3.3133054e0 9.333255e-1 1.8379797e0 1.8379797e0
3.4866374e0 9.333255e-1 1.431991e0 1.431991e0
3.6599695e0 9.333255e-1 1.017472e0 1.017472e0
3.8333015e0 9.333255e-1 7.369283e-1 7.369283e-1
4.0066336e0 9.333255e-1 6.515384e-1 6.515384e-1
4.1799657e0 9.333255e-1 7.328468e-1 7.328468e-1
4.3532977e0 9.333255e-1 8.922975e-1 8.922975e-1
4.5266298e0 9.333255e-1 1.0310637e0 1.0310637e0
4.6999619e0 9.333255e-1 1.0845065e0 1.0845065e0

-5.0e-1 1.0666585e0 1.6928252e0 1.6928252e0
-3.2666794e-1 1.0666585e0 4.4850085e0 4.4850085e0
-1.5333588e-1 1.0666585e0 6.2367647e0 6.2367647e0
1.999619e-2 1.0666585e0 6.4259232e0 6.4259232e0
1.9332825e-1 1.0666585e0 5.1906848e0 5.1906848e0
3.6666031e-1 1.0666585e0 3.1870018e0 3.1870018e0
5.399924e-1 1.0666585e0 1.2425543e0 1.2425543e0
7.133244e-1 1.0666585e0 2.6543e-3 2.6543e-3
8.866565e-1 1.0666585e0 -2.920563e-1 -2.920563e-1
1.0599886e0 1.0666585e0 1.730418e-1 1.730418e-1
1.2333206e0 1.0666585e0 9.519928e-1 9.519928e-1
1.4066527e0 1.0666585e0 1.5799442e0 1.5799442e0
1.5799847e0 1.0666585e0 1.7772911e0 1.7772911e0
1.7533168e0 1.0666585e0 1.5385243e0 1.5385243e0
1.9266489e0 1.0666585e0 1.0806854e0 1.0806854e0
2.099981e0 1.0666585e0 7.062486e-1 7.062486e-1
2.273313e0 1.0666585e0 6.450037e-1 6.450037e-1
2.446645e0 1.0666585e0 9.568262e-1 9.568262e-1
2.6199771e0 1.0666585e0 1.5223103e0 1.5223103e0
2.7933092e0 1.0666585e0 2.1159605e0 2.1159605e0
2.9666412e0 1.0666585e0 2.5157191e0 2.5157191e0
3.1399733e0 1.0666585e0 2.596711e0 2.596711e0
3.3133054e0 1.0666585e0 2.3713055e0 2.3713055e0
3.4866374e0 1.0666585e0 1.9653168e0 1.9653168e0
3.6599695e0 1.0666585e0 1.5507977e0 1.5507977e0
3.8333015e0 1.0666585e0 1.270254e0 1.270254e0
4.0066336e0 1.0666585e0 1.1848642e0 1.1848642e0
4.1799657e0 1.0666585e0 1.2661726e0 1.2661726e0
4.3532977e0 1.0666585e0 1.4256233e0 1.4256233e0
4.5266298e0 1.0666585e0 1.5643895e0 1.5643895e0
4.6999619e0 1.0666585e0 1.6178323e0 1.6178323e0

-5.0e-1 1.1999915e0 2.2972624e0 2.2972624e0
-3.2666794e-1 1.1999915e0 5.0894458e0 5.0894458e0
-1.5333588e-1 1.1999915e0 6.841202e0 6.841202e0
1.999619e-2 1.1999915e0 7.0303604e0 7.0303604e0
1.9332825e-1 1.1999915e0 5.795122e0 5.795122e0
3.6666031e-1 1.1999915e0 3.791439e0 3.791439e0
5.399924e-1 1.1999915e0 1.8469916e0 1.8469916e0
7.133244e-1 1.1999915e0 6.070915e-1 6.070915e-1
8.866565e-1 1.1999915e0 3.12381e-1 3.12381e-1
1.0599886e0 1.1999915e0 7.774791e-1 7.774791e-1
1.2333206e0 1.1999915e0 1.55643e0 1.55643e0
1.4066527e0 1.1999915e0 2.1843814e0 2.1843814e0
1.5799847e0 1.1999915e0 2.3817284e0 2.3817284e0
1.7533168e0 1.1999915e0 2.1429616e0 2.1429616e0
1.9266489e0 1.1999915e0 1.6851227e0 1.6851227e0
2.099981e0 1.1999915e0 1.3106859e0 1.3106859e0
2.273313e0 1.1999915e0 1.2494409e0 1.2494409e0
2.446645e0 1.1999915e0 1.5612634e0 1.5612634e0
2.6199771e0 1.1999915e0 2.1267476e0 2.1267476e0
2.7933092e0 1.1999915e0 2.7203978e0 2.7203978e0
2.9666412e0 1.1999915e0 3.1201564e0 3.1201564e0
3.1399733e0 1.1999915e0 3.2011482e0 3.2011482e0
3.3133054e0 1.1999915e0 2.9757428e0 2.9757428e0
3.4866374e0 1.1999915e0 2.569754e0 2.569754e0
3.6599695e0 1.1999915e0 2.155235e0 2.155235e0
3.8333015e0 1.1999915e0 1.8746913e0 1.8746913e0
4.0066336e0 1.1999915e0 1.7893015e0 1.7893015e0
4.1799657e0 1.1999915e0 1.8706099e0 1.8706099e0
4.3532977e0 1.1999915e0 2.0300606e0 2.0300606e0
4.5266298e0 1.1999915e0 2.1688268e0 2.1688268e0
4.6999619e0 1.1999915e0 2.2222696e0 2.2222696e0

-5.0e-1 1.3333244e0 2.9728105e0 2.9728105e0
-3.2666794e-1 1.3333244e0 5.7649939e0 5.7649939e0
-1.5333588e-1 1.3333244e0 7.51675e0 7.51675e0
1.999619e-2 1.3333244e0 7.7059085e0 7.7059085e0
1.9332825e-1 1.3333244e0 6.4706702e0 6.4706702e0
3.6666031e-1 1.3333244e0 4.4669872e0 4.4669872e0
5.399924e-1 1.3333244e0 2.5225397e0 2.5225397e0
7.133244e-1 1.3333244e0 1.2826396e0 1.2826396e0
8.866565e-1 1.3333244e0 9.879291e-1 9.879291e-1
1.0599886e0 1.3333244e0 1.4530272e0 1.4530272e0
1.2333206e0 1.3333244e0 2.2319781e0 2.2319781e0
1.4066527e0 1.3333244e0 2.8599295e0 2.8599295e0
1.5799847e0 1.3333244e0 3.0572765e0 3.0572765e0
1.7533168e0 1.3333244e0 2.8185097e0 2.8185097e0
1.9266489e0 1.3333244e0 2.3606708e0 2.3606708e0
2.099981e0 1.3333244e0 1.986234e0 1.986234e0
2.273313e0 1.3333244e0 1.924989e0 1.924989e0
2.446645e0 1.3333244e0 2.2368115e0 2.2368115e0
2.6199771e0 1.3333244e0 2.8022957e0 2.8022957e0
2.7933092e0 1.3333244e0 3.3959459e0 3.3959459e0
2.9666412e0 1.3333244e0 3.7957045e0 3.7957045e0
3.1399733e0 1.3333244e0 3.8766963e0 3.8766963e0
3.3133054e0 1.3333244e0 3.6512909e0 3.6512909e0
3.4866374e0 1.3333244e0 3.2453021e0 3.2453021e0
3.6599695e0 1.3333244e0 2.8307831e0 2.8307831e0
3.8333015e0 1.3333244e0 2.5502394e0 2.5502394e0
4.0066336e0 1.3333244e0 2.4648495e0 2.4648495e0
4.1799657e0 1.3333244e0 2.546158e0 2.546158e0
4.3532977e0 1.3333244e0 2.7056087e0 2.7056087e0
4.5266298e0 1.3333244e0 2.8443748e0 2.8443748e0
4.6999619e0 1.3333244e0 2.8978177e0 2.8978177e0

-5.0e-1 1.4666574e0 3.7194792e0 3.7194792e0
-3.2666794e-1 1.4666574e0 6.5116626e0 6.5116626e0
-1.5333588e-1 1.4666574e0 8.2634187e0 8.2634187e0
1.999619e-2 1.4666574e0 8.4525772e0 8.4525772e0
1.9332825e-1 1.4666574e0 7.2173389e0 7.2173389e0
3.6666031e-1 1.4666574e0 5.2136559e0 5.2136559e0
5.399924e-1 1.4666574e0 3.2692084e0 3.2692084e0
7.133244e-1 1.4666574e0 2.0293083e0 2.0293083e0
8.866565e-1 1.4666574e0 1.7345978e0 1.7345978e0
1.0599886e0 1.4666574e0 2.1996959e0 2.1996959e0
1.2333206e0 1.4666574e0 2.9786469e0 2.9786469e0
1.4066527e0 1.4666574e0 3.6065982e0 3.6065982e0
1.5799847e0 1.4666574e0 3.8039452e0 3.8039452e0
1.7533168e0 1.4666574e0 3.5651784e0 3.5651784e0
1.9266489e0 1.4666574e0 3.1073395e0 3.1073395e0
2.099981e0 1.4666574e0 2.7329027e0 2.7329027e0
2.273313e0 1.4666574e0 2.6716577e0 2.6716577e0
2.446645e0 1.4666574e0 2.9834802e0 2.9834802e0
2.6199771e0 1.4666574e0 3.5489644e0 3.5489644e0
2.7933092e0 1.4666574e0 4.1426146e0 4.1426146e0
2.9666412e0 1.4666574e0 4.5423732e0 4.5423732e0
3.1399733e0 1.4666574e0 4.623365e0 4.623365e0
3.3133054e0 1.4666574e0 4.3979596e0 4.3979596e0
3.4866374e0 1.4666574e0 3.9919708e0 3.9919708e0
3.6599695e0 1.4666574e0 3.5774518e0 3.5774518e0
3.8333015e0 1.4666574e0 3.2969081e0 3.2969081e0
4.0066336e0 1.4666574e0 3.2115182e0 3.2115182e0
4.1799657e0 1.4666574e0 3.2928267e0 3.2928267e0
4.3532977e0 1.4666574e0 3.4522774e0 3.4522774e0
4.5266298e0 1.4666574e0 3.5910435e0 3.5910435e0
4.6999619e0 1.4666574e0 3.6444864e0 3.6444864e0

-5.0e-1 1.5999904e0 4.5372466e0 4.5372466e0
-3.2666794e-1 1.5999904e0 7.32943e0 7.32943e0
-1.5333588e-1 1.5999904e0 9.081186e0 9.081186e0
1.999619e-2 1.5999904e0 9.2703445e0 9.2703445e0
1.9332825e-1 1.5999904e0 8.0351062e0 8.0351062e0
3.6666031e-1 1.5999904e0 6.0314232e0 6.0314232e0
5.399924e-1 1.5999904e0 4.0869757e0 4.0869757e0
7.133244e-1 1.5999904e0 2.8470757e0 2.8470757e0
8.866565e-1 1.5999904e0 2.5523651e0 2.5523651e0
1.0599886e0 1.5999904e0 3.0174632e0 3.0174632e0
1.2333206e0 1.5999904e0 3.7964142e0 3.7964142e0
1.4066527e0 1.5999904e0 4.4243655e0 4.4243655e0
1.5799847e0 1.5999904e0 4.6217125e0 4.6217125e0
1.7533168e0 1.5999904e0 4.3829457e0 4.3829457e0
1.9266489e0 1.5999904e0 3.9251068e0 3.9251068e0
2.099981e0 1.5999904e0 3.55067e0 3.55067e0
2.273313e0 1.5999904e0 3.489425e0 3.489425e0
2.446645e0 1.5999904e0 3.8012476e0 3.8012476e0
2.6199771e0 1.5999904e0 4.3667317e0 4.3667317e0
2.7933092e0 1.5999904e0 4.960382e0 4.960382e0
2.9666412e0 1.5999904e0 5.3601405e0 5.3601405e0
3.1399733e0 1.5999904e0 5.4411324e0 5.4411324e0
3.3133054e0 1.5999904e0 5.215727e0 5.215727e0
3.4866374e0 1.5999904e0 4.8097382e0 4.8097382e0
3.6599695e0 1.5999904e0 4.3952191e0 4.3952191e0
3.8333015e0 1.5999904e0 4.1146754e0 4.1146754e0
4.0066336e0 1.5999904e0 4.0292856e0 4.0292856e0
4.1799657e0 1.5999904e0 4.110594e0 4.110594e0
4.3532977e0 1.5999904e0 4.2700447e0 4.2700447e0
4.5266298e0 1.5999904e0 4.4088109e0 4.4088109e0
4.6999619e0 1.5999904e0 4.4622537e0 4.4622537e0

-5.0e-1 1.7333234e0 5.426126e0 5.426126e0
-3.2666794e-1 1.7333234e0 8.2183093e0 8.2183093e0
-1.5333588e-1 1.7333234e0 9.9700655e0 9.9700655e0
1.999619e-2 1.7333234e0 1.0159224e1 1.0159224e1
1.9332825e-1 1.7333234e0 8.9239856e0 8.9239856e0
3.6666031e-1 1.7333234e0 6.9203026e0 6.9203026e0
5.399924e-1 1.7333234e0 4.9758551e0 4.9758551e0
7.133244e-1 1.7333234e0 3.735955e0 3.735955e0
8.866565e-1 1.7333234e0 3.4412445e0 3.4412445e0
1.0599886e0 1.7333234e0 3.9063426e0 3.9063426e0
1.2333206e0 1.7333234e0 4.6852936e0 4.6852936e0
1.4066527e0 1.7333234e0 5.313245e0 5.313245e0
1.5799847e0 1.7333234e0 5.5105919e0 5.5105919e0
1.7533168e0 1.7333234e0 5.2718251e0 5.2718251e0
1.9266489e0 1.7333234e0 4.8139862e0 4.8139862e0
2.099981e0 1.7333234e0 4.4395494e0 4.4395494e0
2.273313e0 1.7333234e0 4.3783044e0 4.3783044e0
2.446645e0 1.7333234e0 4.690127e0 4.690127e0
2.6199771e0 1.7333234e0 5.2556111e0 5.2556111e0
2.7933092e0 1.7333234e0 5.8492613e0 5.8492613e0
2.9666412e0 1.7333234e0 6.24902e0 6.24902e0
3.1399733e0 1.7333234e0 6.3300117e0 6.3300117e0
3.3133054e0 1.7333234e0 6.1046063e0 6.1046063e0
3.4866374e0 1.7333234e0 5.6986176e0 5.6986176e0
3.6599695e0 1.7333234e0 5.2840985e0 5.2840985e0
3.8333015e0 1.7333234e0 5.0035548e0 5.0035548e0
4.0066336e0 1.7333234e0 4.918165e0 4.918165e0
4.1799657e0 1.7333234e0 4.9994734e0 4.9994734e0
4.3532977e0 1.7333234e0 5.1589241e0 5.1589241e0
4.5266298e0 1.7333234e0 5.2976903e0 5.2976903e0
4.6999619e0 1.7333234e0 5.3511331e0 5.3511331e0

-5.0e-1 1.8666563e0 6.3861174e0 6.3861174e0
-3.2666794e-1 1.8666563e0 9.1783008e0 9.1783008e0
-1.5333588e-1 1.8666563e0 1.09300569e1 1.09300569e1
1.999619e-2 1.8666563e0 1.11192154e1 1.11192154e1
1.9332825e-1 1.8666563e0 9.883977e0 9.883977e0
3.6666031e-1 1.8666563e0 7.880294e0 7.880294e0
5.399924e-1 1.8666563e0 5.9358466e0 5.9358466e0
7.133244e-1 1.8666563e0 4.6959465e0 4.6959465e0
8.866565e-1 1.8666563e0 4.401236e0 4.401236e0
1.0599886e0 1.8666563e0 4.866334e0 4.866334e0
1.2333206e0 1.8666563e0 5.645285e0 5.645285e0
1.4066527e0 1.8666563e0 6.2732364e0 6.2732364e0
1.5799847e0 1.8666563e0 6.4705833e0 6.4705833e0
1.7533168e0 1.8666563e0 6.2318166e0 6.2318166e0
1.9266489e0 1.8666563e0 5.7739777e0 5.7739777e0
2.099981e0 1.8666563e0 5.3995409e0 5.3995409e0
2.273313e0 1.8666563e0 5.3382959e0 5.3382959e0
2.446645e0 1.8666563e0 5.6501184e0 5.6501184e0
2.6199771e0 1.8666563e0 6.2156026e0 6.2156026e0
2.7933092e0 1.8666563e0 6.8092528e0 6.8092528e0
2.9666412e0 1.8666563e0 7.2090114e0 7.2090114e0
3.1399733e0 1.8666563e0 7.2900032e0 7.2900032e0
3.3133054e0 1.8666563e0 7.0645978e0 7.0645978e0
3.4866374e0 1.8666563e0 6.658609e0 6.658609e0
3.6599695e0 1.8666563e0 6.24409e0 6.24409e0
3.8333015e0 1.8666563e0 5.9635463e0 5.9635463e0
4.0066336e0 1.8666563e0 5.8781564e0 5.8781564e0
4.1799657e0 1.8666563e0 5.9594649e0 5.9594649e0
4.3532977e0 1.8666563e0 6.1189156e0 6.1189156e0
4.5266298e0 1.8666563e0 6.2576817e0 6.2576817e0
4.6999619e0 1.8666563e0 6.3111246e0 6.3111246e0

-5.0e-1 1.9999893e0 7.4172209e0 7.4172209e0
-3.2666794e-1 1.9999893e0 1.02094043e1 1.02094043e1
-1.5333588e-1 1.9999893e0 1.19611604e1 1.19611604e1
1.999619e-2 1.9999893e0 1.21503189e1 1.21503189e1
1.9332825e-1 1.9999893e0 1.09150806e1 1.09150806e1
3.6666031e-1 1.9999893e0 8.9113976e0 8.9113976e0
5.399924e-1 1.9999893e0 6.96695e0 6.96695e0
7.133244e-1 1.9999893e0 5.72705e0 5.72705e0
8.866565e-1 1.9999893e0 5.4323395e0 5.4323395e0
1.0599886e0 1.9999893e0 5.8974376e0 5.8974376e0
1.2333206e0 1.9999893e0 6.6763885e0 6.6763885e0
1.4066527e0 1.9999893e0 7.3043399e0 7.3043399e0
1.5799847e0 1.9999893e0 7.5016869e0 7.5016869e0
1.7533168e0 1.9999893e0 7.26292e0 7.26292e0
1.9266489e0 1.9999893e0 6.8050812e0 6.8050812e0
2.099981e0 1.9999893e0 6.4306444e0 6.4306444e0
2.273313e0 1.9999893e0 6.3693994e0 6.3693994e0
2.446645e0 1.9999893e0 6.681222e0 6.681222e0
2.6199771e0 1.9999893e0 7.2467061e0 7.2467061e0
2.7933092e0 1.9999893e0 7.8403563e0 7.8403563e0
2.9666412e0 1.9999893e0 8.2401149e0 8.2401149e0
3.1399733e0 1.9999893e0 8.3211067e0 8.3211067e0
3.3133054e0 1.9999893e0 8.0957013e0 8.0957013e0
3.4866374e0 1.9999893e0 7.6897125e0 7.6897125e0
3.6599695e0 1.9999893e0 7.2751935e0 7.2751935e0
3.8333015e0 1.9999893e0 6.9946498e0 6.9946498e0
4.0066336e0 1.9999893e0 6.90926e0 6.90926e0
4.1799657e0 1.9999893e0 6.9905684e0 6.9905684e0
4.3532977e0 1.9999893e0 7.150019e0 7.150019e0
4.5266298e0 1.9999893e0 7.2887852e0 7.2887852e0
4.6999619e0 1.9999893e0 7.3422281e0 7.3422281e0
